NMF_Replicate	L1	L1 %	L2	L2 %	KL Divergence	Correlation	Convergence Iterations
1	222.857	59.496	55.587	54.891	0.353	0.739	20000.0
2	226.251	60.507	57.713	54.608	0.353	0.745	20000.0
3	224.469	57.976	54.899	52.059	0.336	0.775	20000.0
4	226.504	60.003	58.92	54.887	0.348	0.755	20000.0
5	217.389	58.904	57.541	53.446	0.354	0.758	30000.0
6	227.19	60.634	59.104	54.48	0.361	0.751	20000.0
7	219.428	59.106	56.785	53.924	0.348	0.754	20000.0
8	216.791	58.163	54.845	53.278	0.337	0.767	20000.0
9	222.671	60.916	56.296	53.797	0.366	0.755	20000.0
10	227.437	59.824	57.313	54.483	0.332	0.754	20000.0
11	220.699	60.173	56.912	55.444	0.372	0.733	20000.0
12	216.683	58.127	56.2	53.015	0.327	0.767	20000.0
13	226.833	60.783	57.687	54.836	0.351	0.749	30000.0
14	218.941	58.488	57.162	53.953	0.355	0.754	20000.0
15	223.658	60.196	59.32	54.719	0.365	0.748	20000.0
16	213.121	57.432	55.927	52.769	0.327	0.767	20000.0
17	223.497	59.918	58.036	55.149	0.365	0.746	20000.0
18	208.634	55.318	51.728	50.854	0.316	0.781	20000.0
19	229.585	61.506	58.298	54.289	0.351	0.755	20000.0
20	218.086	58.946	56.567	53.104	0.337	0.771	20000.0
21	218.745	57.913	59.119	54.835	0.343	0.751	20000.0
22	228.486	60.754	58.144	54.723	0.361	0.746	20000.0
23	217.684	58.292	56.81	52.271	0.352	0.776	20000.0
24	213.267	57.577	54.515	52.297	0.336	0.767	20000.0
25	233.742	60.837	58.841	54.68	0.356	0.752	20000.0
26	214.956	58.068	54.894	51.995	0.349	0.775	20000.0
27	219.681	59.26	57.338	54.277	0.35	0.753	20000.0
28	221.585	59.443	57.684	54.439	0.356	0.753	20000.0
29	225.427	59.436	57.828	54.745	0.333	0.751	20000.0
30	222.181	60.954	55.816	53.661	0.355	0.753	20000.0
31	220.535	58.899	54.525	51.894	0.346	0.779	20000.0
32	211.583	58.167	53.593	51.91	0.352	0.77	20000.0
33	219.684	58.479	56.108	53.266	0.35	0.762	20000.0
34	220.778	58.355	58.122	55.011	0.358	0.75	20000.0
35	221.034	59.786	56.025	54.394	0.35	0.744	20000.0
36	228.89	60.857	56.948	54.803	0.349	0.74	20000.0
37	221.788	60.066	57.416	53.5	0.353	0.755	20000.0
38	218.562	58.007	56.989	52.924	0.337	0.773	20000.0
39	228.631	59.795	57.929	54.272	0.345	0.758	20000.0
40	216.469	59.27	56.639	54.506	0.358	0.753	20000.0
41	231.581	62.964	60.057	57.637	0.386	0.712	20000.0
42	217.372	59.046	57.517	54.519	0.362	0.746	20000.0
43	225.696	59.668	59.562	55.366	0.349	0.743	20000.0
44	228.82	61.776	57.754	54.848	0.381	0.742	20000.0
45	223.311	59.451	56.863	55.0	0.352	0.743	20000.0
46	224.154	58.987	58.837	55.663	0.348	0.74	20000.0
47	225.579	59.657	60.916	55.842	0.357	0.741	20000.0
48	205.148	57.02	53.984	52.717	0.328	0.769	20000.0
49	227.811	60.695	60.757	56.256	0.358	0.734	20000.0
50	232.073	61.503	59.209	55.537	0.375	0.734	20000.0
51	218.526	58.007	57.707	54.872	0.348	0.746	20000.0
52	230.916	61.15	60.084	54.506	0.351	0.755	20000.0
53	217.961	57.811	55.256	52.61	0.331	0.766	30000.0
54	220.695	59.826	56.9	54.897	0.349	0.746	20000.0
55	222.305	60.278	56.43	54.009	0.372	0.749	20000.0
56	229.542	60.14	60.601	55.793	0.351	0.748	20000.0
57	221.952	60.785	58.479	55.359	0.358	0.742	30000.0
58	225.567	60.961	58.497	56.259	0.364	0.731	20000.0
59	216.647	58.115	55.795	52.297	0.343	0.779	20000.0
60	213.468	56.764	54.751	52.22	0.343	0.77	20000.0
61	212.709	57.562	54.396	52.505	0.347	0.764	20000.0
62	232.809	61.725	59.955	57.333	0.379	0.724	20000.0
63	233.504	60.888	58.387	55.287	0.348	0.743	20000.0
64	226.204	60.672	54.997	53.929	0.346	0.751	20000.0
65	227.573	60.509	59.729	55.528	0.354	0.747	20000.0
66	212.985	57.997	54.104	51.776	0.34	0.772	20000.0
67	226.455	60.382	58.191	54.304	0.354	0.756	40000.0
68	221.282	59.907	55.362	53.602	0.368	0.747	20000.0
69	222.11	60.248	57.928	55.023	0.373	0.739	20000.0
70	224.024	60.608	56.524	54.671	0.359	0.744	20000.0
71	227.25	61.331	60.501	56.747	0.372	0.73	20000.0
72	228.978	61.381	58.527	55.252	0.368	0.743	20000.0
73	219.096	57.7	55.864	53.07	0.348	0.767	30000.0
74	223.551	60.524	57.074	55.159	0.353	0.744	20000.0
75	227.741	61.199	59.539	55.329	0.376	0.74	20000.0
76	221.494	59.403	58.414	54.717	0.36	0.751	20000.0
77	226.503	59.818	59.078	55.67	0.35	0.749	20000.0
78	217.883	60.092	55.775	55.192	0.359	0.741	20000.0
79	223.466	58.626	55.976	52.04	0.328	0.774	20000.0
80	228.758	61.453	57.616	55.174	0.362	0.743	20000.0
81	222.338	60.005	54.45	53.959	0.363	0.75	20000.0
82	221.137	57.843	54.983	52.459	0.33	0.771	20000.0
83	233.013	61.115	60.118	54.882	0.355	0.751	20000.0
84	212.291	55.225	53.912	50.39	0.311	0.789	20000.0
85	222.42	59.563	58.703	55.074	0.361	0.738	20000.0
86	226.641	60.745	59.092	55.374	0.357	0.745	20000.0
87	220.125	60.256	59.239	55.515	0.366	0.737	20000.0
88	232.37	61.081	61.643	55.697	0.351	0.746	20000.0
89	213.642	57.787	55.554	53.536	0.341	0.752	20000.0
90	224.152	59.54	57.548	55.463	0.35	0.737	20000.0
91	228.676	61.478	57.529	55.601	0.378	0.73	20000.0
92	217.85	58.068	54.856	52.802	0.341	0.764	20000.0
93	220.965	58.111	57.498	54.157	0.336	0.757	20000.0
94	218.27	58.976	54.441	53.017	0.352	0.757	20000.0
95	213.59	56.195	55.002	51.196	0.319	0.78	20000.0
96	220.453	59.093	57.014	54.569	0.342	0.753	20000.0
97	222.998	61.137	55.215	52.875	0.379	0.756	20000.0
98	209.533	56.181	53.474	51.541	0.328	0.775	20000.0
99	219.152	58.207	56.312	52.843	0.336	0.766	20000.0
100	225.593	60.087	56.636	54.297	0.35	0.752	20000.0
101	224.048	59.506	55.872	52.311	0.333	0.775	20000.0
102	239.185	63.469	59.058	56.287	0.378	0.729	20000.0
103	236.019	62.36	58.421	54.553	0.367	0.749	20000.0
104	222.967	60.345	57.881	55.229	0.352	0.742	20000.0
105	227.396	60.79	57.036	53.767	0.348	0.755	20000.0
106	220.072	58.424	55.883	53.855	0.356	0.753	20000.0
107	219.305	57.969	57.512	53.549	0.347	0.765	20000.0
108	219.789	58.722	56.724	53.565	0.335	0.759	20000.0
109	225.412	60.744	56.188	54.703	0.359	0.742	20000.0
110	219.912	58.363	57.998	53.937	0.338	0.759	20000.0
111	219.768	58.324	55.618	53.052	0.343	0.767	20000.0
112	208.739	56.24	54.948	53.546	0.332	0.755	20000.0
113	210.491	57.96	54.472	52.689	0.357	0.757	20000.0
114	223.853	59.943	56.29	54.285	0.358	0.75	20000.0
115	213.24	58.594	55.371	54.093	0.359	0.745	20000.0
116	220.669	58.963	56.805	53.881	0.35	0.753	20000.0
117	220.74	58.539	58.58	54.716	0.347	0.754	20000.0
118	211.838	57.635	54.705	52.175	0.34	0.77	30000.0
119	216.607	60.197	54.114	52.81	0.354	0.755	20000.0
120	227.197	61.37	59.536	55.895	0.362	0.736	20000.0
121	235.245	62.958	59.458	56.581	0.379	0.724	20000.0
122	224.77	59.234	56.34	54.395	0.353	0.747	20000.0
123	226.51	61.437	57.483	54.519	0.37	0.747	20000.0
124	224.755	60.427	58.428	55.244	0.351	0.74	20000.0
125	222.649	61.073	56.24	53.902	0.375	0.752	20000.0
126	224.001	59.44	57.105	54.145	0.367	0.75	20000.0
127	223.425	60.103	57.573	55.735	0.347	0.739	20000.0
128	220.758	60.392	57.282	53.967	0.353	0.758	20000.0
129	229.287	61.3	58.008	54.574	0.366	0.749	20000.0
130	223.268	60.069	57.091	55.002	0.361	0.741	20000.0
131	223.923	59.017	58.277	53.215	0.354	0.768	20000.0
132	225.216	60.062	57.199	53.88	0.341	0.757	30000.0
133	219.083	57.996	53.67	50.952	0.336	0.786	20000.0
134	223.735	60.43	55.677	53.546	0.339	0.757	20000.0
135	216.884	59.058	55.048	52.732	0.342	0.762	20000.0
136	220.734	58.497	55.888	52.71	0.347	0.771	20000.0
137	226.797	60.805	57.35	54.147	0.351	0.749	20000.0
138	225.468	60.323	54.766	53.524	0.361	0.753	30000.0
139	230.883	62.158	59.223	55.212	0.375	0.746	30000.0
140	230.05	60.644	59.64	54.642	0.369	0.75	20000.0
141	229.636	61.572	60.432	55.674	0.373	0.737	20000.0
142	212.758	55.919	52.313	51.443	0.332	0.777	20000.0
143	217.71	59.571	58.806	55.225	0.358	0.751	20000.0
144	224.149	61.682	57.446	54.785	0.37	0.74	20000.0
145	219.652	60.726	56.088	53.952	0.365	0.75	20000.0
146	218.703	59.966	57.835	54.372	0.367	0.749	20000.0
147	217.552	57.928	54.896	51.331	0.332	0.781	20000.0
148	218.591	59.757	58.549	55.499	0.359	0.735	20000.0
149	221.023	58.929	55.962	52.867	0.347	0.764	20000.0
150	222.528	58.584	57.636	52.609	0.346	0.773	20000.0
151	208.238	56.619	54.139	51.107	0.326	0.783	20000.0
152	216.056	58.302	56.613	54.063	0.349	0.75	20000.0
153	222.014	59.454	56.578	53.904	0.356	0.752	20000.0
154	214.124	58.916	57.038	53.62	0.352	0.757	20000.0
155	227.973	61.422	59.433	56.49	0.376	0.723	20000.0
156	221.412	59.595	55.99	53.29	0.351	0.764	20000.0
157	219.594	57.765	55.998	52.41	0.337	0.775	20000.0
158	218.795	58.661	57.076	55.331	0.351	0.738	20000.0
159	233.71	60.59	60.82	54.71	0.341	0.755	20000.0
160	229.629	60.882	56.743	53.619	0.361	0.76	20000.0
161	219.913	60.162	58.372	54.4	0.366	0.754	20000.0
162	218.827	57.983	56.632	52.7	0.346	0.771	20000.0
163	224.18	61.062	56.808	54.832	0.365	0.743	20000.0
164	231.02	59.942	60.728	54.844	0.346	0.753	20000.0
165	224.827	59.814	58.446	54.976	0.361	0.75	20000.0
166	227.91	61.131	58.734	54.637	0.36	0.753	20000.0
167	219.894	59.633	58.493	54.891	0.354	0.741	20000.0
168	221.752	60.721	57.408	54.496	0.361	0.748	20000.0
169	215.776	57.724	56.879	52.618	0.33	0.774	20000.0
170	215.319	57.721	55.202	52.92	0.334	0.774	20000.0
171	218.324	56.559	54.906	51.807	0.322	0.783	20000.0
172	216.776	57.231	56.016	52.831	0.329	0.771	20000.0
173	217.738	57.019	54.906	51.489	0.323	0.781	20000.0
174	225.839	60.392	56.984	54.768	0.354	0.748	20000.0
175	225.75	61.205	57.711	55.76	0.367	0.73	20000.0
176	222.613	58.968	56.889	53.752	0.338	0.753	20000.0
177	225.671	59.846	55.774	52.743	0.336	0.771	20000.0
178	233.15	61.342	59.446	55.453	0.354	0.741	20000.0
179	223.89	59.475	57.76	55.354	0.353	0.745	20000.0
180	217.854	56.857	56.148	51.844	0.314	0.783	20000.0
181	224.54	59.742	57.585	53.912	0.353	0.756	20000.0
182	226.247	60.756	57.296	54.722	0.362	0.741	20000.0
183	219.382	59.657	55.913	53.887	0.362	0.752	20000.0
184	230.682	61.743	56.397	54.65	0.364	0.742	20000.0
185	219.153	57.791	54.721	52.59	0.331	0.769	20000.0
186	210.945	57.926	52.635	51.301	0.363	0.771	20000.0
187	215.973	59.102	54.918	53.784	0.354	0.744	20000.0
188	220.834	59.643	57.677	54.053	0.344	0.76	20000.0
189	223.555	60.366	57.457	55.812	0.364	0.733	20000.0
190	228.479	60.045	59.186	55.285	0.351	0.744	20000.0
191	220.25	56.884	56.549	51.606	0.309	0.785	20000.0
192	227.247	61.108	60.265	55.813	0.376	0.74	20000.0
193	214.007	58.001	53.351	51.679	0.337	0.774	20000.0
194	232.642	60.939	56.626	54.044	0.351	0.75	20000.0
195	219.378	58.735	56.858	54.876	0.347	0.747	20000.0
196	231.678	62.106	60.529	55.911	0.366	0.743	20000.0
197	239.154	62.399	59.388	54.404	0.36	0.757	20000.0
198	223.646	60.686	56.475	53.317	0.355	0.758	20000.0
199	221.388	59.969	55.862	52.941	0.344	0.757	20000.0
200	236.44	62.884	59.332	56.445	0.37	0.733	20000.0
201	232.091	61.282	60.0	57.131	0.375	0.733	20000.0
202	227.545	60.503	58.602	55.309	0.354	0.745	20000.0
203	227.363	61.033	56.919	54.137	0.353	0.749	20000.0
204	232.462	60.621	60.534	55.227	0.364	0.748	20000.0
205	230.447	60.938	58.277	54.451	0.36	0.754	20000.0
206	216.719	58.954	56.576	54.347	0.356	0.75	20000.0
207	216.537	58.064	55.879	52.428	0.332	0.779	20000.0
208	221.249	59.709	56.938	54.484	0.35	0.747	20000.0
209	222.147	59.368	57.073	52.894	0.348	0.764	20000.0
210	231.539	62.253	58.524	55.968	0.364	0.737	20000.0
211	226.584	61.984	57.24	55.198	0.371	0.736	20000.0
212	226.383	59.58	59.54	53.747	0.368	0.762	20000.0
213	227.777	61.174	59.39	55.828	0.383	0.733	20000.0
214	227.813	60.989	57.733	54.758	0.358	0.75	20000.0
215	223.59	59.589	58.124	53.883	0.342	0.759	20000.0
216	235.051	61.223	60.824	54.751	0.359	0.758	20000.0
217	216.84	57.572	56.631	53.856	0.343	0.756	20000.0
218	224.648	59.987	56.096	53.014	0.354	0.763	20000.0
219	216.027	57.754	56.291	54.075	0.345	0.753	30000.0
220	209.628	57.554	52.634	52.44	0.333	0.761	20000.0
221	225.056	59.474	59.178	55.165	0.347	0.759	20000.0
222	217.098	57.278	57.692	53.347	0.332	0.768	20000.0
223	221.863	59.252	56.48	53.519	0.345	0.755	20000.0
224	230.225	60.536	57.98	54.72	0.358	0.754	20000.0
225	217.236	56.888	57.158	53.442	0.333	0.769	20000.0
226	214.714	57.301	54.061	52.127	0.322	0.772	20000.0
227	215.809	58.921	53.325	53.269	0.36	0.755	20000.0
228	224.834	60.208	57.814	54.849	0.358	0.748	20000.0
229	229.179	61.501	59.102	55.228	0.366	0.742	20000.0
230	226.946	62.325	56.215	55.239	0.375	0.733	20000.0
231	218.982	58.959	58.291	53.863	0.359	0.759	20000.0
232	211.081	56.384	52.295	50.643	0.326	0.782	20000.0
233	219.903	59.65	57.779	54.88	0.359	0.746	20000.0
234	221.454	60.04	56.987	54.398	0.365	0.747	20000.0
235	214.849	57.61	53.932	51.593	0.336	0.784	20000.0
236	227.633	60.689	59.606	56.095	0.374	0.736	20000.0
237	227.464	59.686	55.653	52.728	0.346	0.77	30000.0
238	220.865	60.282	58.639	53.869	0.365	0.76	20000.0
239	233.346	62.758	57.882	55.562	0.368	0.738	20000.0
240	220.333	59.125	57.062	54.463	0.351	0.746	20000.0
241	223.935	59.859	57.582	54.79	0.357	0.746	20000.0
242	221.849	60.348	57.306	55.765	0.359	0.732	20000.0
243	217.569	59.624	53.889	53.073	0.341	0.754	20000.0
244	215.055	57.278	54.746	52.505	0.336	0.771	20000.0
245	220.58	59.434	57.15	54.477	0.354	0.753	20000.0
246	213.152	57.202	56.322	54.205	0.342	0.752	20000.0
247	227.374	60.611	54.946	52.882	0.357	0.765	20000.0
248	231.429	61.947	56.512	53.52	0.369	0.756	20000.0
249	214.216	58.329	54.689	53.308	0.35	0.752	20000.0
250	229.538	61.034	61.431	56.267	0.363	0.74	20000.0
251	218.025	59.426	56.442	54.877	0.356	0.742	20000.0
252	225.649	59.89	57.601	54.121	0.348	0.761	20000.0
253	232.506	61.947	61.753	56.644	0.361	0.74	20000.0
254	227.539	62.148	57.832	55.48	0.367	0.735	20000.0
255	227.186	59.868	59.677	55.042	0.349	0.749	20000.0
256	228.42	60.404	58.33	54.868	0.359	0.748	20000.0
257	219.917	59.45	56.258	53.805	0.361	0.75	20000.0
258	211.553	55.622	57.059	52.545	0.327	0.777	20000.0
259	221.672	59.77	55.32	54.16	0.363	0.746	20000.0
260	222.474	60.145	57.551	55.121	0.364	0.742	20000.0
261	225.461	60.098	58.352	54.79	0.352	0.75	20000.0
262	214.477	58.655	57.112	55.453	0.358	0.736	20000.0
263	221.786	58.011	55.758	51.543	0.333	0.781	20000.0
264	224.224	60.651	58.034	55.614	0.353	0.742	20000.0
265	225.06	60.484	56.156	53.822	0.347	0.752	20000.0
266	210.729	56.612	53.96	51.102	0.338	0.783	20000.0
267	235.725	62.106	63.562	56.944	0.367	0.74	20000.0
268	218.028	58.543	56.65	54.415	0.342	0.75	20000.0
269	229.604	60.669	59.425	55.036	0.353	0.747	20000.0
270	226.095	60.139	56.635	53.908	0.352	0.752	20000.0
271	226.547	61.266	58.175	55.618	0.363	0.74	20000.0
272	219.262	57.068	55.659	50.864	0.328	0.791	20000.0
273	214.575	58.308	54.321	53.736	0.347	0.75	20000.0
274	210.943	56.311	53.201	51.833	0.331	0.774	20000.0
275	217.28	59.106	56.347	54.308	0.355	0.747	20000.0
276	239.453	64.002	60.433	56.251	0.378	0.732	20000.0
277	219.481	58.637	57.379	54.141	0.342	0.758	20000.0
278	229.871	59.939	54.661	52.052	0.348	0.774	20000.0
279	218.766	58.455	53.095	52.03	0.347	0.767	20000.0
280	215.504	59.089	56.524	54.389	0.36	0.742	20000.0
281	222.939	60.821	58.518	55.521	0.378	0.738	20000.0
282	232.072	62.266	60.509	57.051	0.365	0.728	20000.0
283	229.038	61.046	56.601	54.676	0.35	0.749	20000.0
284	232.296	62.486	59.465	55.409	0.37	0.743	20000.0
285	219.621	61.766	58.413	55.28	0.38	0.735	20000.0
286	225.255	59.02	56.469	53.438	0.346	0.758	20000.0
287	228.81	61.573	58.27	54.831	0.368	0.745	20000.0
288	219.125	58.266	55.447	52.595	0.341	0.768	20000.0
289	216.501	58.0	56.792	53.451	0.334	0.762	20000.0
290	219.624	59.575	56.461	54.03	0.351	0.755	20000.0
291	224.17	59.921	57.857	53.874	0.352	0.757	20000.0
292	222.643	60.483	56.78	54.941	0.356	0.74	20000.0
293	224.02	60.512	54.812	53.931	0.354	0.749	20000.0
294	246.629	66.557	63.609	58.577	0.405	0.718	20000.0
295	237.005	61.042	61.679	56.053	0.355	0.745	30000.0
296	221.242	59.392	56.678	52.999	0.353	0.768	20000.0
297	228.33	60.384	58.965	55.339	0.36	0.746	20000.0
298	213.236	57.01	54.301	52.209	0.323	0.776	20000.0
299	221.207	59.607	57.714	55.319	0.383	0.738	20000.0
300	215.991	58.409	54.249	52.998	0.347	0.756	30000.0
301	223.28	59.044	57.072	54.123	0.346	0.756	20000.0
302	215.014	57.476	54.789	52.128	0.336	0.771	20000.0
303	226.918	60.773	57.303	54.194	0.358	0.756	20000.0
304	225.615	61.045	58.001	55.916	0.367	0.727	20000.0
305	221.424	59.19	55.376	52.64	0.354	0.771	20000.0
306	218.023	58.299	57.539	52.937	0.341	0.772	20000.0
307	230.036	61.552	58.145	53.596	0.36	0.76	20000.0
308	221.725	59.583	57.663	55.544	0.352	0.74	20000.0
309	233.94	61.288	59.44	55.043	0.351	0.749	20000.0
310	232.187	62.784	58.91	56.418	0.38	0.731	20000.0
311	226.35	60.272	56.293	52.916	0.354	0.764	20000.0
312	226.079	58.752	58.512	53.82	0.34	0.767	20000.0
313	219.505	60.964	56.163	55.423	0.374	0.728	20000.0
314	227.803	60.32	60.064	55.988	0.345	0.745	20000.0
315	209.203	57.193	55.422	53.145	0.345	0.756	20000.0
316	218.051	56.666	55.53	52.007	0.321	0.784	20000.0
317	216.722	57.225	55.838	52.875	0.336	0.766	20000.0
318	220.847	60.143	56.027	53.636	0.37	0.754	20000.0
319	224.864	59.12	56.465	52.512	0.344	0.774	20000.0
320	223.585	60.632	54.473	52.531	0.35	0.759	20000.0
321	216.101	58.887	56.583	54.362	0.348	0.747	20000.0
322	223.57	60.077	56.946	53.937	0.336	0.754	20000.0
323	217.346	58.006	56.35	51.868	0.341	0.78	20000.0
324	224.79	59.782	59.702	55.224	0.345	0.748	20000.0
325	217.352	57.722	57.822	54.717	0.338	0.753	20000.0
326	220.626	58.37	54.34	52.041	0.342	0.776	20000.0
327	229.776	61.69	57.574	54.822	0.36	0.748	20000.0
328	220.888	58.69	56.069	53.841	0.336	0.755	20000.0
329	223.981	60.237	56.717	53.888	0.354	0.759	20000.0
330	229.029	63.364	55.587	53.972	0.393	0.745	20000.0
331	226.235	59.808	58.224	53.9	0.342	0.762	20000.0
332	222.674	61.659	59.5	56.195	0.383	0.726	20000.0
333	219.931	57.875	54.98	52.415	0.337	0.773	20000.0
334	229.276	61.697	57.853	55.128	0.365	0.742	30000.0
335	220.879	58.403	56.742	53.058	0.349	0.764	20000.0
336	222.99	59.721	56.196	53.115	0.361	0.76	20000.0
337	234.766	62.303	62.017	57.132	0.363	0.728	20000.0
338	222.24	59.634	55.525	52.091	0.336	0.775	20000.0
339	225.242	59.011	63.888	56.971	0.355	0.74	20000.0
340	222.287	58.977	55.348	53.551	0.334	0.759	30000.0
341	218.715	57.497	54.886	52.429	0.327	0.772	20000.0
342	219.833	60.291	56.723	54.596	0.364	0.748	20000.0
343	227.541	59.65	55.869	53.316	0.346	0.759	20000.0
344	223.05	60.049	57.069	55.206	0.364	0.743	20000.0
345	239.255	63.231	60.945	56.091	0.373	0.733	20000.0
346	219.811	59.784	54.142	53.068	0.338	0.764	20000.0
347	222.914	60.162	57.744	54.952	0.364	0.744	20000.0
348	220.084	59.514	56.514	53.681	0.346	0.753	20000.0
349	215.04	57.82	56.032	52.851	0.332	0.771	20000.0
350	225.2	60.711	55.574	51.814	0.353	0.775	20000.0
351	216.511	57.794	56.385	52.918	0.339	0.772	20000.0
352	227.134	60.145	56.867	54.539	0.355	0.749	20000.0
353	227.546	60.993	54.671	53.648	0.37	0.753	20000.0
354	219.228	59.356	56.922	55.134	0.357	0.748	20000.0
355	216.128	58.068	53.479	51.737	0.346	0.772	20000.0
356	231.544	60.377	58.875	55.411	0.351	0.747	20000.0
357	224.724	61.081	57.466	55.96	0.374	0.73	20000.0
358	230.443	61.567	57.728	54.747	0.363	0.749	20000.0
359	219.792	58.14	55.064	52.37	0.321	0.773	20000.0
360	232.717	59.995	59.433	54.539	0.342	0.76	20000.0
361	222.724	59.563	55.273	53.389	0.357	0.756	20000.0
362	221.857	59.128	55.875	53.718	0.351	0.757	20000.0
363	223.374	59.973	58.833	55.07	0.347	0.747	20000.0
364	221.452	59.206	55.215	52.987	0.351	0.765	20000.0
365	211.604	57.941	53.385	51.328	0.343	0.779	20000.0
366	214.679	58.337	54.346	52.324	0.341	0.769	20000.0
367	231.403	63.416	58.441	55.6	0.385	0.733	20000.0
368	231.372	62.56	58.407	55.314	0.384	0.738	20000.0
369	225.657	61.671	58.111	55.565	0.368	0.736	20000.0
370	219.178	58.176	55.338	52.299	0.335	0.78	20000.0
371	224.519	61.21	57.878	55.21	0.36	0.744	20000.0
372	226.936	60.267	58.846	55.851	0.36	0.737	20000.0
373	215.37	58.291	56.191	54.07	0.356	0.74	20000.0
374	231.431	60.95	60.464	55.542	0.352	0.744	20000.0
375	228.575	61.809	59.585	54.852	0.373	0.747	20000.0
376	235.417	61.578	60.906	56.623	0.364	0.735	20000.0
377	233.968	61.2	60.323	55.422	0.359	0.747	20000.0
378	230.728	61.209	60.195	55.778	0.37	0.746	20000.0
379	224.254	60.617	57.331	55.144	0.357	0.74	20000.0
380	214.62	56.456	54.043	51.382	0.337	0.781	20000.0
381	212.407	56.569	54.139	51.562	0.329	0.778	20000.0
382	232.943	61.049	57.585	53.928	0.348	0.759	20000.0
383	241.692	65.016	61.329	57.8	0.398	0.718	20000.0
384	225.698	59.823	55.894	52.454	0.354	0.768	20000.0
385	213.09	58.736	55.135	53.075	0.343	0.76	20000.0
386	219.595	59.973	56.314	54.434	0.353	0.748	20000.0
387	229.766	62.571	60.155	56.513	0.374	0.734	20000.0
388	223.488	59.855	55.818	52.305	0.352	0.771	20000.0
389	229.217	59.607	59.915	55.393	0.34	0.751	20000.0
390	222.084	60.845	55.306	54.244	0.355	0.747	20000.0
391	230.273	62.214	57.928	55.526	0.372	0.735	20000.0
392	221.984	59.927	57.424	55.552	0.348	0.737	20000.0
393	217.758	56.714	54.96	51.36	0.327	0.783	20000.0
394	234.255	63.967	60.468	57.345	0.392	0.718	20000.0
395	223.703	59.615	56.931	53.565	0.342	0.762	20000.0
396	222.014	60.01	55.779	53.487	0.351	0.759	20000.0
397	213.406	56.79	57.023	53.303	0.325	0.77	20000.0
398	222.283	59.343	56.785	53.847	0.365	0.752	20000.0
399	219.807	59.727	55.791	53.575	0.353	0.758	20000.0
400	231.009	61.775	59.659	56.405	0.375	0.737	20000.0
401	212.493	57.747	53.053	52.688	0.34	0.756	20000.0
402	216.648	58.414	56.757	54.422	0.352	0.749	20000.0
403	222.814	59.408	57.728	53.449	0.35	0.769	20000.0
404	230.557	61.064	62.388	56.359	0.356	0.746	20000.0
405	216.079	58.432	56.118	53.999	0.35	0.75	20000.0
406	230.311	61.578	58.262	54.712	0.368	0.748	20000.0
407	229.885	61.85	60.469	56.274	0.364	0.735	20000.0
408	225.69	59.795	58.709	54.387	0.344	0.757	20000.0
409	222.21	59.071	57.089	53.737	0.338	0.766	20000.0
410	220.112	59.907	54.401	52.495	0.366	0.761	20000.0
411	227.961	60.748	57.475	53.593	0.358	0.761	20000.0
412	219.482	58.169	54.92	52.478	0.336	0.774	20000.0
413	214.048	58.196	55.205	53.893	0.352	0.752	20000.0
414	226.922	59.921	58.24	54.612	0.344	0.754	20000.0
415	210.721	56.968	53.665	51.748	0.327	0.77	20000.0
416	207.383	56.789	52.557	51.984	0.332	0.769	20000.0
417	222.4	60.01	55.937	53.035	0.348	0.764	20000.0
418	232.485	61.667	57.469	52.998	0.347	0.775	20000.0
419	214.088	56.839	53.686	51.544	0.329	0.779	20000.0
420	213.258	57.421	53.988	51.814	0.341	0.774	20000.0
421	215.563	58.38	55.19	52.227	0.352	0.762	20000.0
422	214.888	59.919	55.038	53.144	0.362	0.754	20000.0
423	223.782	59.259	57.135	54.833	0.333	0.753	20000.0
424	211.158	57.743	53.687	52.296	0.342	0.765	20000.0
425	209.169	56.414	55.938	52.452	0.33	0.777	20000.0
426	214.916	58.306	56.061	54.208	0.352	0.749	20000.0
427	226.624	61.069	60.125	56.44	0.357	0.732	20000.0
428	232.893	61.119	58.709	54.79	0.367	0.751	20000.0
429	225.536	59.5	60.598	54.865	0.358	0.751	20000.0
430	212.32	56.661	54.809	52.8	0.335	0.766	20000.0
431	219.135	58.534	54.991	51.923	0.336	0.778	20000.0
432	226.706	60.51	57.028	53.442	0.349	0.767	20000.0
433	232.517	61.648	60.844	56.788	0.369	0.729	30000.0
434	230.325	60.844	59.906	55.916	0.356	0.738	20000.0
435	225.004	60.294	57.961	54.968	0.353	0.748	20000.0
436	215.804	58.41	55.016	52.818	0.341	0.766	20000.0
437	216.22	57.628	53.51	52.652	0.33	0.763	20000.0
438	228.498	62.334	58.274	54.868	0.374	0.744	20000.0
439	222.787	59.785	55.762	54.279	0.359	0.752	20000.0
440	232.833	63.248	61.321	58.067	0.397	0.717	30000.0
441	220.072	59.02	55.799	52.733	0.352	0.773	20000.0
442	212.821	57.692	54.292	53.331	0.345	0.761	20000.0
443	224.662	59.414	56.531	53.596	0.339	0.762	20000.0
444	221.979	60.398	58.381	55.891	0.366	0.731	20000.0
445	225.575	60.613	58.748	56.063	0.379	0.729	20000.0
446	219.869	58.845	54.779	53.206	0.36	0.767	20000.0
447	212.07	57.211	51.658	49.814	0.323	0.79	20000.0
448	228.069	62.072	59.925	56.036	0.375	0.738	20000.0
449	225.746	59.964	56.748	54.135	0.355	0.752	20000.0
450	222.848	59.178	54.446	52.793	0.342	0.763	20000.0
451	232.953	61.117	59.513	54.554	0.364	0.753	20000.0
452	228.386	60.457	58.661	55.14	0.371	0.749	20000.0
453	229.236	60.518	55.878	53.116	0.353	0.756	20000.0
454	227.716	60.699	57.428	55.928	0.362	0.733	20000.0
455	221.101	59.391	57.613	54.712	0.342	0.75	20000.0
456	231.534	60.301	58.313	54.238	0.347	0.751	20000.0
457	211.757	58.779	52.535	51.732	0.351	0.765	20000.0
458	214.642	55.657	56.588	51.92	0.324	0.786	20000.0
459	212.11	56.685	54.054	52.31	0.342	0.768	30000.0
460	223.405	60.4	57.089	54.643	0.357	0.745	20000.0
461	215.876	58.091	54.652	52.724	0.334	0.768	20000.0
462	224.593	59.828	58.067	54.368	0.361	0.753	20000.0
463	216.228	58.274	54.764	53.889	0.357	0.751	20000.0
464	221.717	59.348	57.866	55.141	0.347	0.755	20000.0
465	222.34	59.4	58.576	54.838	0.345	0.746	20000.0
466	229.101	63.52	59.64	57.032	0.397	0.717	20000.0
467	230.545	61.165	58.254	54.991	0.359	0.743	20000.0
468	207.24	55.81	54.082	51.769	0.339	0.771	20000.0
469	222.951	59.281	58.379	54.065	0.352	0.755	20000.0
470	225.18	60.564	60.192	56.602	0.367	0.73	20000.0
471	207.13	55.517	53.276	50.936	0.322	0.778	20000.0
472	216.223	57.537	55.929	52.28	0.321	0.779	20000.0
473	215.372	58.75	54.752	54.229	0.357	0.744	20000.0
474	231.598	61.811	58.766	54.656	0.362	0.751	20000.0
475	216.683	57.738	55.907	51.961	0.335	0.779	20000.0
476	225.491	59.184	58.545	54.866	0.344	0.751	20000.0
477	226.325	61.67	56.28	55.124	0.372	0.738	20000.0
478	225.378	60.625	56.468	54.95	0.373	0.743	20000.0
479	229.507	62.224	58.018	55.005	0.36	0.745	20000.0
480	212.094	56.61	55.227	51.629	0.327	0.779	20000.0
481	209.458	56.015	53.695	52.848	0.328	0.767	20000.0
482	222.609	61.025	57.751	54.285	0.355	0.755	20000.0
483	216.964	57.914	55.245	53.327	0.344	0.766	20000.0
484	227.256	59.476	58.129	54.042	0.349	0.756	20000.0
485	228.419	60.86	57.284	54.368	0.352	0.755	20000.0
486	233.321	61.643	60.297	55.953	0.362	0.74	20000.0
487	212.879	58.101	55.756	53.646	0.347	0.754	20000.0
488	234.747	62.974	59.774	56.072	0.385	0.733	20000.0
489	231.554	61.221	58.513	54.52	0.356	0.754	20000.0
490	231.065	61.835	59.508	55.097	0.366	0.745	20000.0
491	216.334	58.335	56.64	53.356	0.333	0.764	20000.0
492	220.075	59.613	54.114	52.241	0.339	0.771	20000.0
493	226.626	61.27	57.298	54.913	0.358	0.743	20000.0
494	217.24	57.978	57.031	53.77	0.342	0.76	20000.0
495	224.368	60.192	57.76	54.867	0.358	0.748	20000.0
496	224.073	59.835	57.769	54.302	0.349	0.757	20000.0
497	232.595	62.523	58.812	54.721	0.369	0.751	20000.0
498	214.593	59.031	54.835	52.837	0.353	0.757	20000.0
499	218.85	59.47	57.265	53.704	0.352	0.757	20000.0
500	211.377	56.958	54.537	51.562	0.328	0.782	20000.0
