Replicates	Seeds
1	8009185
2	3610987
3	6591568
4	1065587
5	5356192
6	252258
7	31099
8	844032
9	6346434
10	4877104
11	126996
12	1560677
13	1417107
14	6632475
15	1399576
16	9902169
17	8063694
18	8482524
19	1077434
20	4463561
21	1804984
22	6970640
23	9921383
24	8691837
25	4317617
26	1421264
27	9397328
28	456934
29	955223
30	1887910
31	3465313
32	2054775
33	2994294
34	541139
35	3217507
36	6120676
37	103942
38	6158077
39	5198983
40	3784863
41	3876746
42	1147065
43	8791924
44	6570398
45	7898592
46	3498563
47	7787748
48	7601244
49	722778
50	793911
51	1295943
52	9596402
53	615383
54	6054078
55	9622448
56	6730476
57	9601968
58	3467503
59	2691140
60	5708877
61	6077306
62	6351298
63	4539409
64	8734079
65	892770
66	8932279
67	1244250
68	1267613
69	3544695
70	9532519
71	6630808
72	595873
73	8480372
74	7838670
75	1451829
76	22366
77	2640592
78	7599423
79	4440457
80	2685030
81	8599709
82	4001371
83	6120023
84	2037698
85	7902745
86	4031112
87	1255338
88	2108934
89	6648394
90	4664090
91	7579938
92	9989175
93	8304134
94	3735156
95	1958158
96	9020391
97	7154259
98	6229135
99	1981914
100	1422661
101	7337039
102	6238636
103	1079795
104	4644378
105	7058324
106	5352840
107	1295779
108	3800184
109	9150605
110	6236869
111	2012675
112	2957362
113	2232289
114	5995908
115	391149
116	1703385
117	1498825
118	7274313
119	5904276
120	5072869
121	2012239
122	839189
123	6875168
124	1607524
125	9234708
126	2472237
127	3639721
128	6203267
129	4975947
130	9895435
131	6475322
132	7129665
133	8673793
134	9998460
135	6619520
136	7980045
137	977270
138	9756257
139	454215
140	4585283
141	8219190
142	3119104
143	8196080
144	2391133
145	9721047
146	9321719
147	3784715
148	4733570
149	4985099
150	6545171
151	2312701
152	2099250
153	3457886
154	7947312
155	3719070
156	1778063
157	9451161
158	5082148
159	126937
160	8207816
161	6256296
162	3959716
163	2840377
164	4927315
165	8889781
166	4087359
167	6805188
168	7720180
169	5297995
170	9290851
171	6225126
172	7101548
173	2201013
174	4089457
175	7702213
176	7085750
177	170854
178	7508926
179	2116307
180	3898391
181	9412218
182	4375953
183	8736036
184	5073251
185	2822318
186	6001990
187	3080868
188	9220465
189	4657910
190	5526288
191	4944672
192	6110136
193	3478181
194	2694878
195	113403
196	4826020
197	7097127
198	8447994
199	6052677
200	8360994
201	626531
202	9314829
203	4631928
204	5893441
205	2133867
206	7619589
207	5963211
208	1461045
209	7720425
210	927181
211	9873573
212	9633672
213	9220692
214	6012313
215	2115506
216	7708430
217	8701717
218	7686836
219	6477747
220	8658975
221	8619067
222	146761
223	1713225
224	3639786
225	9230341
226	9823261
227	1074500
228	9243404
229	9689617
230	2780627
231	7304361
232	3281355
233	9637956
234	6127932
235	2185960
236	9470285
237	3933112
238	362003
239	6748151
240	4598419
241	2817755
242	189889
243	4123044
244	1675814
245	6016595
246	5506501
247	2696925
248	1914680
249	4690839
250	1077727
251	8967441
252	3089270
253	2465663
254	7675256
255	7210978
256	1819728
257	1049919
258	381737
259	6646083
260	1473435
261	9500999
262	1207675
263	9082012
264	5726577
265	9250617
266	70125
267	8001935
268	3529566
269	5548438
270	1415646
271	7424535
272	6185297
273	8414859
274	7506862
275	1871874
276	4911239
277	4137833
278	89593
279	6091553
280	3563607
281	2071467
282	5037397
283	7528542
284	8662305
285	3231340
286	4645784
287	986890
288	3137246
289	8305083
290	9795939
291	3204866
292	9094769
293	4067674
294	9087332
295	2081126
296	84845
297	6324906
298	6302310
299	1075434
300	5713340
301	5164591
302	998039
303	4718143
304	9188165
305	7723083
306	2988744
307	7537775
308	5751514
309	3884376
310	9787434
311	8717573
312	9772332
313	7357031
314	8974821
315	3591727
316	5722690
317	9207180
318	6149828
319	4905385
320	1141247
321	1311463
322	1480814
323	8234303
324	4092889
325	9050660
326	2669981
327	3579093
328	3403442
329	1075444
330	229747
331	883693
332	8537737
333	8267527
334	8098710
335	8003545
336	4515097
337	5795112
338	3591901
339	7699730
340	9862403
341	4229675
342	2013020
343	9042781
344	738633
345	1960084
346	4054627
347	6097892
348	7184672
349	9660921
350	8726519
351	8026078
352	9283640
353	2715751
354	3369091
355	6662661
356	6194760
357	5782034
358	8528739
359	9187893
360	7690550
361	1128902
362	1890801
363	9665665
364	9296169
365	4418298
366	7387315
367	1089996
368	8611677
369	9045109
370	30901
371	3565651
372	3828146
373	5652602
374	9818036
375	9373166
376	3492863
377	1868291
378	23693
379	4764600
380	2811621
381	7696156
382	9037677
383	3024073
384	3677691
385	56493
386	1370039
387	8617602
388	4945293
389	868471
390	1474960
391	2366282
392	8648556
393	6557216
394	5953124
395	3839371
396	6144654
397	7379192
398	4953127
399	1299895
400	1788345
401	1721019
402	1217484
403	7262908
404	4645779
405	1025988
406	6012221
407	712558
408	8374028
409	4520817
410	1726485
411	9880704
412	8457497
413	4880813
414	4847961
415	4502820
416	3475928
417	104442
418	5718270
419	8072139
420	5624880
421	8749204
422	4956184
423	2289403
424	1263178
425	7883227
426	6077676
427	3989636
428	8775470
429	9584351
430	3303264
431	4510121
432	9800217
433	8557693
434	4041712
435	8052884
436	3472875
437	4658665
438	2553628
439	2412077
440	6977692
441	5404083
442	8867498
443	7007898
444	4872550
445	6330057
446	5499713
447	7405261
448	842082
449	5114233
450	1345611
451	1649354
452	1154401
453	3619379
454	6259407
455	9942065
456	867524
457	6292356
458	8785494
459	9202690
460	2735847
461	5013519
462	5057843
463	8194000
464	2059026
465	470705
466	8863323
467	3522819
468	5315533
469	1381520
470	3811466
471	2917049
472	7352656
473	7218533
474	9277976
475	6819029
476	1298487
477	6151079
478	6087821
479	1913753
480	1551897
481	146185
482	6639969
483	5142390
484	7874620
485	1624979
486	5086445
487	7245991
488	9066924
489	9762856
490	1806032
491	7185295
492	1358789
493	9651278
494	5536275
495	6528177
496	465303
497	5689711
498	4200646
499	7356878
500	1062461
