NMF_Replicate	L1	L1 %	L2	L2 %	KL Divergence	Correlation	Convergence Iterations
1	201.209	50.607	49.862	44.074	0.251	0.84	20000.0
2	192.769	47.14	51.881	43.355	0.221	0.856	20000.0
3	186.289	50.785	48.882	48.969	0.268	0.793	20000.0
4	193.557	49.108	48.672	44.142	0.239	0.846	20000.0
5	197.537	47.478	50.65	42.812	0.227	0.852	20000.0
6	192.501	54.908	47.967	49.602	0.309	0.774	20000.0
7	179.006	48.435	48.744	47.197	0.251	0.825	20000.0
8	198.134	47.565	49.214	41.869	0.22	0.865	20000.0
9	190.67	51.762	51.578	49.812	0.281	0.799	20000.0
10	184.925	48.675	47.814	44.935	0.255	0.832	20000.0
11	191.58	52.462	49.553	47.997	0.277	0.814	20000.0
12	186.831	51.689	49.208	49.078	0.281	0.795	20000.0
13	185.692	50.684	48.493	47.494	0.27	0.816	20000.0
14	182.629	48.799	49.698	47.324	0.245	0.823	20000.0
15	191.442	49.074	48.955	46.19	0.247	0.83	20000.0
16	196.056	48.458	52.175	45.215	0.236	0.842	20000.0
17	187.602	51.136	48.772	47.54	0.273	0.818	20000.0
18	194.46	47.843	50.215	43.346	0.225	0.852	20000.0
19	195.57	46.427	48.748	41.18	0.213	0.865	20000.0
20	201.391	49.516	51.128	44.523	0.243	0.845	20000.0
21	185.978	51.023	49.358	47.634	0.267	0.813	20000.0
22	193.331	47.371	49.33	42.146	0.224	0.861	20000.0
23	199.957	49.516	51.311	44.656	0.241	0.841	20000.0
24	206.525	50.715	53.4	44.789	0.242	0.843	20000.0
25	182.685	50.03	48.819	47.048	0.259	0.819	20000.0
26	195.468	47.327	49.358	42.814	0.229	0.852	20000.0
27	182.62	46.571	47.007	42.418	0.233	0.855	20000.0
28	179.64	48.678	45.746	45.406	0.248	0.833	20000.0
29	191.78	50.174	50.209	47.063	0.262	0.822	20000.0
30	188.927	52.352	49.678	49.813	0.285	0.793	20000.0
31	196.954	48.341	50.877	43.732	0.234	0.851	20000.0
32	182.681	49.632	46.454	45.9	0.252	0.829	20000.0
33	199.577	49.214	52.368	45.696	0.237	0.829	40000.0
34	196.653	48.35	50.42	43.81	0.225	0.846	20000.0
35	194.365	48.715	51.635	45.587	0.248	0.836	20000.0
36	195.489	47.129	49.262	42.059	0.221	0.86	20000.0
37	201.887	54.361	52.303	50.987	0.285	0.787	20000.0
38	200.33	49.372	52.623	44.819	0.244	0.843	20000.0
39	196.517	52.121	52.054	50.748	0.277	0.797	30000.0
40	194.88	48.58	50.08	43.54	0.238	0.848	20000.0
41	199.377	54.407	51.567	50.005	0.284	0.791	20000.0
42	179.758	50.563	45.458	47.663	0.275	0.804	20000.0
43	192.203	47.51	53.404	46.287	0.236	0.833	20000.0
44	189.59	51.2	49.555	47.936	0.265	0.819	20000.0
45	185.036	49.383	48.615	47.172	0.248	0.82	20000.0
46	193.2	47.969	50.567	44.414	0.231	0.848	20000.0
47	194.504	52.103	50.704	49.471	0.273	0.808	30000.0
48	181.657	48.444	47.199	45.535	0.246	0.839	20000.0
49	193.26	49.456	50.722	45.647	0.245	0.841	20000.0
50	180.457	49.171	48.302	47.67	0.265	0.812	20000.0
51	184.05	47.393	46.718	42.135	0.23	0.853	30000.0
52	201.071	50.958	52.893	46.745	0.252	0.831	20000.0
53	181.695	47.705	46.8	44.252	0.236	0.843	20000.0
54	189.7	46.924	49.294	42.341	0.221	0.862	20000.0
55	189.125	47.626	48.319	43.424	0.222	0.853	20000.0
56	206.598	50.873	53.39	44.97	0.259	0.843	20000.0
57	195.36	53.269	50.27	49.825	0.281	0.795	20000.0
58	190.775	45.168	51.386	41.688	0.215	0.861	20000.0
59	185.836	50.261	50.031	48.37	0.262	0.814	20000.0
60	185.853	45.052	48.775	41.164	0.209	0.866	20000.0
61	189.901	48.747	49.365	45.44	0.24	0.831	20000.0
62	188.557	47.008	48.389	42.733	0.22	0.861	20000.0
63	196.513	49.798	49.96	45.396	0.245	0.83	20000.0
64	193.603	51.684	52.646	49.596	0.261	0.8	20000.0
65	191.712	49.804	50.083	45.844	0.247	0.831	20000.0
66	198.701	52.844	51.771	49.932	0.28	0.797	20000.0
67	194.417	53.866	49.474	48.854	0.29	0.795	20000.0
68	186.956	47.937	47.81	43.795	0.236	0.849	20000.0
69	182.277	48.352	49.264	46.755	0.252	0.828	20000.0
70	189.928	47.286	49.819	43.033	0.224	0.856	20000.0
71	189.623	46.986	48.655	41.65	0.214	0.866	20000.0
72	199.552	48.242	50.35	43.553	0.232	0.847	20000.0
73	189.989	47.108	49.256	42.302	0.224	0.862	20000.0
74	179.626	49.921	46.962	47.581	0.264	0.814	20000.0
75	188.863	47.313	47.139	41.966	0.222	0.86	20000.0
76	198.171	48.325	51.36	43.422	0.232	0.852	20000.0
77	193.916	48.609	51.161	44.08	0.231	0.846	20000.0
78	188.948	48.031	49.525	45.103	0.239	0.838	20000.0
79	188.983	50.426	50.177	47.749	0.254	0.823	20000.0
80	192.252	50.997	48.833	46.412	0.265	0.82	20000.0
81	193.286	47.671	50.687	44.138	0.229	0.846	20000.0
82	196.466	46.316	49.149	41.381	0.215	0.865	20000.0
83	194.113	48.109	50.802	43.467	0.239	0.852	20000.0
84	191.106	49.934	48.753	46.433	0.253	0.826	20000.0
85	197.589	47.679	49.591	41.903	0.224	0.863	20000.0
86	188.129	48.448	49.194	44.935	0.247	0.84	20000.0
87	186.67	50.813	50.511	48.387	0.263	0.806	30000.0
88	199.382	51.14	51.482	45.288	0.25	0.837	20000.0
89	201.278	50.091	50.734	44.277	0.232	0.847	20000.0
90	194.02	48.109	49.693	43.056	0.231	0.853	20000.0
91	213.548	51.866	53.124	46.004	0.254	0.829	20000.0
92	191.865	50.89	52.091	48.982	0.262	0.81	20000.0
93	202.206	50.66	52.808	45.222	0.234	0.842	20000.0
94	192.163	45.283	49.212	41.237	0.208	0.868	30000.0
95	194.578	49.373	50.58	45.209	0.249	0.837	20000.0
96	195.779	47.216	52.062	42.954	0.223	0.859	20000.0
97	193.188	47.088	48.077	41.564	0.226	0.856	20000.0
98	196.234	50.743	52.057	46.6	0.257	0.827	20000.0
99	191.747	47.991	52.127	43.742	0.237	0.854	20000.0
100	188.267	48.214	49.994	44.987	0.245	0.838	20000.0
101	194.496	46.846	50.774	42.885	0.215	0.857	20000.0
102	200.792	49.535	52.828	44.883	0.241	0.839	20000.0
103	201.278	50.113	53.503	46.717	0.25	0.824	20000.0
104	202.011	50.354	53.574	46.396	0.251	0.833	20000.0
105	193.662	49.301	50.671	45.861	0.25	0.831	20000.0
106	207.067	56.881	51.947	51.555	0.309	0.751	20000.0
107	183.81	50.059	49.229	48.264	0.258	0.819	20000.0
108	188.457	46.834	49.366	42.587	0.223	0.857	20000.0
109	194.759	51.83	51.964	48.683	0.265	0.81	20000.0
110	192.364	51.008	50.399	46.749	0.259	0.825	20000.0
111	195.715	50.879	50.542	47.088	0.258	0.824	20000.0
112	188.41	47.269	49.176	43.784	0.235	0.847	20000.0
113	210.124	50.105	54.201	44.518	0.24	0.841	20000.0
114	191.544	50.909	52.147	48.762	0.266	0.809	20000.0
115	177.454	48.278	47.203	45.864	0.246	0.822	20000.0
116	196.582	48.194	52.334	44.653	0.236	0.844	20000.0
117	199.76	52.533	51.354	49.062	0.272	0.811	20000.0
118	203.862	49.31	50.784	43.721	0.232	0.853	20000.0
119	193.104	51.478	51.713	47.995	0.267	0.814	20000.0
120	188.448	46.321	49.156	43.207	0.214	0.85	20000.0
121	190.926	46.772	49.284	42.147	0.217	0.865	20000.0
122	195.941	46.791	50.713	42.933	0.22	0.853	20000.0
123	192.25	50.659	53.475	49.805	0.255	0.806	20000.0
124	194.058	44.764	48.959	40.577	0.207	0.874	20000.0
125	190.432	48.599	51.02	46.798	0.245	0.829	20000.0
126	199.144	46.778	49.362	40.858	0.215	0.869	20000.0
127	188.052	50.135	51.043	47.189	0.267	0.82	20000.0
128	185.295	44.306	48.54	40.479	0.195	0.876	20000.0
129	182.179	49.456	48.708	47.914	0.263	0.81	20000.0
130	182.837	48.718	49.079	46.718	0.251	0.825	20000.0
131	194.852	51.95	50.276	49.108	0.276	0.804	20000.0
132	188.059	49.859	50.6	46.968	0.257	0.825	20000.0
133	193.223	51.488	50.103	47.867	0.263	0.814	20000.0
134	192.48	48.371	49.395	42.995	0.226	0.855	20000.0
135	189.424	51.43	49.884	48.613	0.275	0.805	20000.0
136	190.656	47.045	49.003	42.289	0.236	0.858	20000.0
137	186.772	46.83	50.384	43.528	0.229	0.848	20000.0
138	203.418	49.386	52.275	44.559	0.235	0.84	30000.0
139	193.254	51.365	49.491	49.172	0.265	0.808	20000.0
140	191.697	51.758	51.007	50.333	0.274	0.794	20000.0
141	199.891	50.183	52.64	45.368	0.24	0.84	20000.0
142	182.639	47.93	48.739	44.283	0.24	0.845	20000.0
143	191.296	45.582	49.339	40.766	0.216	0.868	20000.0
144	199.12	51.867	53.006	49.209	0.265	0.811	20000.0
145	202.046	52.015	51.88	45.899	0.274	0.832	20000.0
146	191.011	46.834	48.756	41.569	0.235	0.867	20000.0
147	189.014	47.646	49.446	43.928	0.23	0.851	20000.0
148	184.811	49.842	48.025	45.524	0.258	0.832	20000.0
149	185.927	51.07	50.303	49.941	0.274	0.804	20000.0
150	181.24	48.428	47.364	45.964	0.247	0.834	20000.0
151	188.628	46.836	50.097	44.14	0.233	0.843	20000.0
152	188.172	52.287	48.356	49.136	0.273	0.8	20000.0
153	183.383	44.956	49.309	42.303	0.212	0.864	20000.0
154	191.242	47.088	49.944	42.663	0.22	0.856	30000.0
155	187.795	50.549	49.104	47.144	0.274	0.822	20000.0
156	194.092	50.539	54.766	49.855	0.264	0.803	20000.0
157	200.203	49.563	49.971	44.519	0.24	0.838	20000.0
158	194.305	49.608	51.475	45.525	0.245	0.836	20000.0
159	196.078	52.073	51.934	49.731	0.281	0.8	20000.0
160	192.627	49.231	51.098	46.168	0.249	0.838	20000.0
161	195.576	47.352	49.758	43.253	0.223	0.851	20000.0
162	181.853	49.468	47.059	46.39	0.264	0.826	20000.0
163	191.451	51.651	49.421	48.464	0.265	0.808	20000.0
164	190.595	50.969	48.518	48.32	0.265	0.807	20000.0
165	190.036	48.622	51.632	45.656	0.24	0.841	20000.0
166	190.495	50.526	50.2	47.528	0.253	0.822	20000.0
167	192.545	47.817	52.303	44.016	0.23	0.853	20000.0
168	176.793	46.797	47.149	44.702	0.244	0.844	20000.0
169	198.967	48.761	51.402	44.219	0.222	0.851	20000.0
170	203.302	48.237	52.353	43.875	0.23	0.846	20000.0
171	207.208	49.824	52.365	44.681	0.247	0.837	20000.0
172	190.811	46.024	48.629	41.359	0.207	0.868	20000.0
173	188.19	51.009	48.138	46.694	0.275	0.82	20000.0
174	190.135	47.121	48.81	43.406	0.231	0.849	20000.0
175	190.086	50.568	49.097	48.009	0.256	0.808	20000.0
176	209.322	57.627	55.485	53.674	0.323	0.747	20000.0
177	198.574	47.6	50.49	42.83	0.217	0.856	30000.0
178	199.256	49.686	52.185	45.239	0.252	0.84	20000.0
179	196.686	50.487	51.829	47.458	0.251	0.823	20000.0
180	206.253	57.786	51.408	51.433	0.32	0.758	20000.0
181	201.66	49.977	51.773	45.126	0.245	0.837	20000.0
182	188.573	46.333	48.887	41.942	0.224	0.863	20000.0
183	188.603	47.637	49.595	43.134	0.236	0.851	20000.0
184	188.012	49.338	52.064	46.872	0.249	0.828	20000.0
185	204.5	48.214	52.551	43.378	0.22	0.855	20000.0
186	198.18	49.205	51.937	43.863	0.234	0.851	20000.0
187	188.074	49.881	49.738	47.701	0.262	0.815	20000.0
188	197.923	49.047	49.464	43.446	0.243	0.848	20000.0
189	190.25	49.933	50.109	48.686	0.253	0.809	20000.0
190	204.379	54.652	54.359	51.222	0.292	0.764	20000.0
191	190.189	47.245	49.898	42.995	0.218	0.856	20000.0
192	184.736	46.941	48.165	42.96	0.231	0.851	20000.0
193	196.237	48.922	52.871	46.276	0.242	0.832	20000.0
194	192.68	50.384	51.105	48.255	0.257	0.817	20000.0
195	190.549	48.417	50.604	44.661	0.235	0.846	30000.0
196	193.409	50.604	51.724	48.332	0.268	0.817	20000.0
197	184.867	49.514	50.365	49.098	0.259	0.806	20000.0
198	191.221	49.298	51.048	47.121	0.254	0.817	20000.0
199	188.899	51.087	50.512	49.079	0.274	0.802	20000.0
200	196.187	53.559	51.646	49.426	0.28	0.801	20000.0
201	200.979	48.063	50.221	42.57	0.22	0.853	20000.0
202	193.676	47.753	50.319	42.805	0.229	0.861	20000.0
203	186.311	49.622	49.009	47.084	0.26	0.818	20000.0
204	193.512	47.308	49.378	42.24	0.21	0.864	20000.0
205	194.197	52.199	52.894	50.656	0.28	0.797	20000.0
206	203.557	49.671	51.625	44.275	0.238	0.846	20000.0
207	186.662	52.229	49.562	50.153	0.284	0.78	20000.0
208	192.173	48.002	47.962	42.088	0.229	0.852	20000.0
209	201.555	48.806	53.399	44.737	0.23	0.843	30000.0
210	186.454	48.72	46.872	44.638	0.252	0.827	20000.0
211	186.215	50.057	48.937	47.452	0.256	0.817	20000.0
212	217.306	57.454	55.404	52.41	0.298	0.754	20000.0
213	188.211	52.213	47.028	46.578	0.274	0.817	20000.0
214	185.512	49.194	47.715	46.384	0.253	0.822	20000.0
215	186.896	46.437	47.396	42.762	0.227	0.853	20000.0
216	180.636	49.794	48.105	46.386	0.257	0.823	20000.0
217	196.174	50.066	50.831	44.938	0.245	0.844	20000.0
218	203.598	48.51	51.998	43.715	0.237	0.845	20000.0
219	185.298	51.214	50.166	48.943	0.266	0.807	20000.0
220	192.22	52.282	50.381	49.132	0.273	0.801	20000.0
221	200.461	50.731	53.402	47.123	0.25	0.827	20000.0
222	195.619	53.354	50.693	49.88	0.29	0.797	20000.0
223	190.104	50.118	50.847	46.046	0.253	0.835	20000.0
224	202.815	49.94	52.779	45.403	0.239	0.84	20000.0
225	192.43	47.696	48.657	43.233	0.233	0.855	20000.0
226	182.237	49.145	48.19	45.809	0.251	0.836	20000.0
227	185.579	48.775	48.307	44.404	0.247	0.844	20000.0
228	186.517	50.39	48.66	48.078	0.252	0.817	20000.0
229	191.572	48.839	50.2	45.281	0.242	0.84	20000.0
230	201.088	48.603	49.749	42.953	0.227	0.851	20000.0
231	194.593	47.075	50.881	42.579	0.21	0.861	30000.0
232	190.994	48.772	49.552	44.173	0.232	0.845	20000.0
233	199.141	46.998	51.474	42.966	0.226	0.859	20000.0
234	190.418	50.082	50.079	46.931	0.264	0.826	20000.0
235	199.467	49.174	50.26	43.724	0.234	0.852	30000.0
236	195.903	50.024	50.585	45.611	0.248	0.836	20000.0
237	186.048	51.658	50.313	49.796	0.276	0.796	20000.0
238	195.146	47.621	50.63	42.501	0.227	0.856	30000.0
239	198.791	49.251	51.397	44.089	0.24	0.848	20000.0
240	187.178	45.355	49.171	42.208	0.212	0.862	20000.0
241	200.445	48.518	51.255	43.586	0.233	0.849	20000.0
242	183.248	49.668	48.008	47.574	0.261	0.813	20000.0
243	198.639	49.609	49.811	44.401	0.238	0.842	20000.0
244	205.169	56.942	52.378	52.648	0.315	0.757	20000.0
245	207.346	52.502	54.522	47.114	0.275	0.828	20000.0
246	192.876	49.895	49.441	46.477	0.252	0.828	20000.0
247	196.776	48.102	51.745	43.738	0.223	0.851	20000.0
248	182.539	47.586	47.656	44.757	0.231	0.843	20000.0
249	194.61	51.403	50.947	48.328	0.261	0.814	20000.0
250	196.75	50.813	53.08	47.274	0.266	0.82	20000.0
251	192.208	48.966	49.523	44.229	0.241	0.844	20000.0
252	183.234	48.581	47.834	45.584	0.242	0.837	20000.0
253	192.03	47.195	51.146	42.507	0.22	0.864	20000.0
254	195.511	55.141	50.388	50.707	0.291	0.768	20000.0
255	183.941	46.38	46.9	41.734	0.238	0.862	20000.0
256	187.959	50.507	49.268	48.721	0.26	0.81	30000.0
257	199.788	52.201	52.199	47.86	0.269	0.82	20000.0
258	186.751	51.916	48.486	49.212	0.273	0.791	20000.0
259	188.511	48.493	49.901	44.829	0.237	0.841	20000.0
260	189.874	51.061	49.519	48.207	0.259	0.814	20000.0
261	195.065	46.047	50.622	41.458	0.215	0.868	20000.0
262	194.805	48.735	52.755	45.493	0.237	0.841	20000.0
263	182.32	48.194	49.263	46.567	0.256	0.827	30000.0
264	200.776	48.494	49.865	43.466	0.227	0.854	20000.0
265	189.128	49.957	49.995	48.057	0.265	0.82	20000.0
266	185.524	48.845	50.071	46.919	0.246	0.829	20000.0
267	200.4	49.731	50.643	44.356	0.241	0.841	20000.0
268	192.196	46.26	50.515	42.092	0.218	0.854	20000.0
269	192.895	51.547	51.308	50.111	0.268	0.796	20000.0
270	202.469	56.43	53.158	52.614	0.304	0.754	20000.0
271	203.288	51.253	53.119	46.144	0.248	0.835	20000.0
272	194.107	47.542	48.602	41.822	0.218	0.868	30000.0
273	197.596	50.436	53.364	46.588	0.253	0.83	20000.0
274	193.95	48.182	49.605	42.994	0.229	0.854	30000.0
275	188.334	47.943	51.301	45.693	0.243	0.833	20000.0
276	185.297	50.091	51.272	49.359	0.268	0.805	20000.0
277	188.431	51.067	50.226	49.035	0.27	0.805	20000.0
278	194.731	50.219	49.964	45.374	0.261	0.833	20000.0
279	188.387	45.585	48.573	41.19	0.216	0.866	20000.0
280	184.712	50.917	46.952	47.892	0.274	0.807	20000.0
281	189.66	48.554	48.977	44.112	0.235	0.852	20000.0
282	195.357	46.785	51.161	42.618	0.215	0.855	20000.0
283	182.381	50.249	48.028	48.197	0.273	0.802	20000.0
284	194.695	52.373	50.977	49.073	0.276	0.8	20000.0
285	186.184	49.117	48.728	45.719	0.247	0.835	20000.0
286	196.484	53.19	52.616	51.341	0.29	0.784	20000.0
287	194.512	51.629	51.252	47.738	0.269	0.811	20000.0
288	179.327	45.515	47.525	42.844	0.226	0.854	20000.0
289	200.502	48.238	51.137	43.697	0.225	0.85	20000.0
290	197.305	47.891	51.117	43.202	0.231	0.853	20000.0
291	185.95	48.499	49.089	45.904	0.251	0.828	20000.0
292	199.248	52.531	50.258	47.423	0.275	0.815	20000.0
293	199.506	48.663	52.379	44.867	0.232	0.837	20000.0
294	197.087	45.469	49.022	40.957	0.216	0.871	20000.0
295	190.072	48.488	50.124	45.528	0.241	0.831	20000.0
296	193.741	48.96	51.292	45.023	0.239	0.838	20000.0
297	193.321	48.582	49.93	44.918	0.237	0.836	20000.0
298	204.811	50.734	52.56	45.036	0.246	0.837	30000.0
299	197.337	48.48	51.188	44.684	0.232	0.846	20000.0
300	200.197	57.554	50.66	51.743	0.337	0.748	20000.0
301	200.08	52.021	51.846	47.202	0.257	0.824	20000.0
302	195.72	48.183	50.067	44.268	0.229	0.842	20000.0
303	191.988	48.738	51.014	45.572	0.231	0.84	20000.0
304	194.121	48.526	50.853	44.046	0.229	0.854	30000.0
305	192.559	53.85	51.189	51.082	0.299	0.765	20000.0
306	177.954	46.426	47.45	43.486	0.229	0.841	20000.0
307	190.906	49.516	52.667	47.507	0.25	0.83	20000.0
308	195.155	50.89	51.542	48.887	0.282	0.81	20000.0
309	178.263	44.445	45.275	40.872	0.21	0.864	20000.0
310	191.463	47.652	48.525	42.637	0.225	0.854	20000.0
311	189.031	47.337	48.729	43.418	0.231	0.851	20000.0
312	206.151	49.829	53.26	44.709	0.23	0.836	20000.0
313	194.382	49.67	51.055	46.009	0.248	0.838	20000.0
314	189.76	52.488	47.77	49.15	0.286	0.799	20000.0
315	190.555	48.685	49.544	43.792	0.239	0.847	20000.0
316	180.856	44.576	46.114	40.14	0.205	0.879	20000.0
317	180.868	49.954	48.17	47.458	0.261	0.812	20000.0
318	191.725	50.924	50.173	48.673	0.275	0.804	20000.0
319	189.511	46.079	49.163	42.132	0.217	0.857	20000.0
320	197.809	47.717	48.875	40.952	0.223	0.87	20000.0
321	199.274	53.519	52.426	50.794	0.278	0.798	20000.0
322	188.313	49.496	51.272	46.78	0.25	0.827	20000.0
323	193.848	49.366	52.031	45.892	0.239	0.839	30000.0
324	195.736	52.275	51.444	50.285	0.283	0.789	20000.0
325	190.153	48.46	48.734	44.818	0.245	0.841	20000.0
326	179.201	44.438	46.916	40.532	0.206	0.871	30000.0
327	196.117	52.318	48.917	47.004	0.27	0.821	20000.0
328	190.081	51.793	51.022	49.482	0.278	0.803	20000.0
329	193.628	47.695	50.637	43.561	0.229	0.852	20000.0
330	188.323	51.529	48.976	47.835	0.269	0.814	20000.0
331	189.0	50.469	48.803	48.385	0.261	0.809	20000.0
332	192.662	47.25	50.431	43.762	0.218	0.852	20000.0
333	198.815	50.36	50.14	44.955	0.25	0.837	20000.0
334	207.734	48.0	53.739	43.493	0.226	0.857	20000.0
335	185.386	50.796	48.87	48.489	0.279	0.802	20000.0
336	193.983	51.524	50.748	47.976	0.268	0.815	20000.0
337	186.384	49.458	48.775	45.931	0.262	0.83	20000.0
338	191.46	47.682	50.301	43.448	0.22	0.855	20000.0
339	182.739	48.902	48.809	46.131	0.243	0.825	20000.0
340	203.724	47.95	53.792	42.843	0.223	0.859	20000.0
341	195.373	49.374	52.305	46.252	0.238	0.83	20000.0
342	195.313	49.835	50.401	45.548	0.242	0.834	20000.0
343	197.176	48.285	50.309	43.273	0.225	0.852	20000.0
344	199.387	56.933	52.015	51.456	0.32	0.761	20000.0
345	178.227	50.358	47.677	48.329	0.273	0.801	20000.0
346	200.405	49.193	51.077	43.82	0.223	0.851	20000.0
347	198.991	53.583	51.276	49.274	0.284	0.797	20000.0
348	194.697	48.384	50.282	44.689	0.232	0.839	20000.0
349	205.204	51.622	51.673	45.739	0.264	0.832	20000.0
350	193.69	52.341	50.473	50.003	0.277	0.795	20000.0
351	185.939	50.467	49.712	48.595	0.269	0.81	20000.0
352	196.29	50.478	51.864	47.329	0.259	0.819	20000.0
353	190.67	51.081	48.688	48.358	0.265	0.809	20000.0
354	179.565	47.906	48.849	45.57	0.244	0.84	20000.0
355	187.159	49.333	48.78	47.104	0.25	0.825	20000.0
356	201.344	49.724	51.595	44.754	0.239	0.845	20000.0
357	174.942	46.505	44.919	44.732	0.241	0.84	20000.0
358	194.679	48.158	50.668	42.966	0.231	0.853	20000.0
359	190.247	51.233	51.454	48.684	0.269	0.804	20000.0
360	199.473	51.683	52.226	47.374	0.258	0.823	30000.0
361	190.092	46.311	50.056	41.836	0.221	0.865	20000.0
362	195.656	49.554	49.914	45.698	0.245	0.83	20000.0
363	190.201	52.172	49.887	49.425	0.279	0.793	20000.0
364	186.884	49.872	46.612	45.884	0.249	0.83	20000.0
365	190.065	49.43	48.15	44.727	0.249	0.841	20000.0
366	191.678	52.643	50.516	51.031	0.287	0.785	20000.0
367	185.06	46.438	47.645	40.887	0.218	0.872	20000.0
368	183.786	50.187	51.794	48.732	0.264	0.807	20000.0
369	187.531	48.759	49.928	45.056	0.248	0.838	20000.0
370	192.099	48.129	50.291	44.534	0.233	0.84	20000.0
371	198.968	54.403	51.417	50.259	0.28	0.771	20000.0
372	189.723	49.604	51.616	45.757	0.252	0.836	20000.0
373	203.855	49.159	51.295	43.123	0.236	0.855	30000.0
374	187.299	50.748	50.046	48.332	0.271	0.811	20000.0
375	197.825	48.878	50.783	43.371	0.237	0.855	30000.0
376	188.504	49.403	48.972	46.541	0.25	0.828	20000.0
377	186.131	50.294	48.737	47.984	0.257	0.816	20000.0
378	199.404	49.49	51.918	45.232	0.24	0.835	20000.0
379	194.863	48.056	49.102	43.042	0.232	0.853	20000.0
380	186.972	47.578	48.761	44.153	0.229	0.844	20000.0
381	185.135	46.488	48.088	42.198	0.219	0.86	20000.0
382	205.255	49.817	52.491	44.078	0.239	0.85	30000.0
383	184.929	45.753	47.703	41.11	0.215	0.866	20000.0
384	189.967	50.415	51.121	48.861	0.257	0.807	20000.0
385	190.829	47.689	48.745	43.625	0.225	0.85	20000.0
386	210.461	50.071	53.973	45.089	0.23	0.842	20000.0
387	199.777	49.736	53.3	46.839	0.25	0.831	20000.0
388	203.238	50.499	50.735	44.722	0.252	0.835	20000.0
389	195.854	49.094	50.94	44.68	0.238	0.835	20000.0
390	193.236	52.012	50.731	48.598	0.274	0.807	30000.0
391	189.555	49.27	49.672	46.066	0.257	0.835	20000.0
392	183.315	50.352	47.796	48.024	0.277	0.804	20000.0
393	192.466	46.74	50.047	41.874	0.221	0.86	20000.0
394	192.074	51.034	51.539	48.108	0.259	0.815	20000.0
395	195.059	53.389	53.07	50.433	0.291	0.792	20000.0
396	198.284	53.788	51.072	49.973	0.275	0.798	20000.0
397	194.005	48.368	51.882	45.059	0.236	0.847	20000.0
398	202.625	54.134	53.087	51.094	0.283	0.793	20000.0
399	195.159	47.634	50.207	42.634	0.222	0.857	20000.0
400	195.705	52.074	52.086	50.269	0.281	0.803	30000.0
401	189.626	50.785	51.925	49.207	0.264	0.808	20000.0
402	187.416	49.719	49.202	47.232	0.253	0.818	20000.0
403	203.151	57.311	51.003	52.205	0.316	0.75	20000.0
404	193.522	48.337	50.165	43.984	0.236	0.845	20000.0
405	190.825	48.425	48.698	43.059	0.231	0.856	20000.0
406	199.916	49.078	50.982	44.317	0.219	0.845	20000.0
407	186.972	50.254	48.733	47.846	0.266	0.807	20000.0
408	200.571	47.98	52.123	43.771	0.222	0.848	20000.0
409	191.797	52.932	50.696	49.62	0.28	0.797	20000.0
410	214.828	56.578	53.737	49.803	0.295	0.771	30000.0
411	201.979	49.914	52.871	44.132	0.245	0.846	20000.0
412	188.741	47.1	49.154	42.842	0.223	0.855	20000.0
413	187.197	46.93	49.605	43.634	0.221	0.854	20000.0
414	189.322	45.863	49.186	41.965	0.208	0.867	20000.0
415	212.088	54.291	54.399	48.057	0.284	0.813	20000.0
416	190.323	51.164	51.355	50.744	0.268	0.793	20000.0
417	182.528	49.537	46.75	46.167	0.252	0.818	20000.0
418	190.863	50.207	50.852	47.526	0.271	0.813	20000.0
419	186.377	48.426	50.117	45.534	0.238	0.84	20000.0
420	214.564	57.118	53.992	50.842	0.304	0.765	20000.0
421	185.949	50.56	48.09	47.459	0.263	0.816	20000.0
422	197.551	48.948	50.846	44.298	0.234	0.848	20000.0
423	199.782	47.209	51.326	42.762	0.222	0.851	20000.0
424	187.044	51.064	49.291	47.841	0.269	0.813	20000.0
425	190.607	47.005	48.828	41.993	0.233	0.86	20000.0
426	192.804	46.894	49.921	41.818	0.222	0.865	20000.0
427	202.844	50.183	52.73	44.971	0.237	0.838	20000.0
428	190.899	45.551	50.081	42.146	0.209	0.864	20000.0
429	203.277	56.729	53.952	52.546	0.319	0.771	20000.0
430	184.892	50.911	48.596	48.066	0.262	0.811	30000.0
431	195.944	48.116	51.529	44.359	0.232	0.844	20000.0
432	192.529	48.689	50.599	44.647	0.23	0.84	20000.0
433	190.601	49.663	51.298	46.919	0.25	0.828	20000.0
434	190.226	50.416	50.512	46.303	0.256	0.827	20000.0
435	196.827	46.649	50.806	42.203	0.214	0.861	20000.0
436	193.216	47.193	48.313	42.71	0.227	0.851	20000.0
437	184.886	49.838	47.518	46.671	0.25	0.818	20000.0
438	195.445	47.375	50.7	43.249	0.227	0.852	20000.0
439	194.655	48.641	51.189	44.884	0.23	0.841	20000.0
440	192.81	47.665	50.333	43.99	0.227	0.842	20000.0
441	197.172	48.984	49.201	43.291	0.228	0.848	20000.0
442	193.254	51.895	51.112	50.055	0.277	0.8	20000.0
443	189.874	47.425	48.368	42.134	0.223	0.861	20000.0
444	204.372	52.007	53.235	47.589	0.275	0.816	20000.0
445	208.902	51.125	52.355	45.593	0.25	0.835	20000.0
446	185.686	51.722	49.346	50.932	0.275	0.787	20000.0
447	199.663	48.686	51.186	43.474	0.23	0.844	20000.0
448	196.43	47.265	49.511	42.501	0.221	0.855	20000.0
449	180.866	48.752	46.579	45.427	0.252	0.831	20000.0
450	194.166	49.426	50.065	45.286	0.248	0.833	20000.0
451	188.531	50.259	49.132	48.321	0.264	0.813	30000.0
452	186.284	50.336	48.704	46.367	0.256	0.828	20000.0
453	196.017	49.473	50.509	45.286	0.243	0.835	30000.0
454	202.183	49.845	50.226	44.42	0.244	0.841	20000.0
455	191.833	46.176	50.253	41.65	0.217	0.867	20000.0
456	191.377	51.459	50.653	49.59	0.266	0.794	20000.0
457	189.627	46.166	49.832	42.255	0.224	0.86	20000.0
458	202.535	51.636	53.887	49.257	0.261	0.808	20000.0
459	193.63	52.33	52.124	50.245	0.279	0.794	40000.0
460	183.687	45.241	48.141	41.799	0.206	0.858	20000.0
461	185.451	50.656	48.079	47.503	0.272	0.816	20000.0
462	193.537	48.839	51.043	44.628	0.235	0.843	20000.0
463	187.651	48.681	48.001	42.975	0.248	0.853	30000.0
464	197.148	50.292	52.197	46.498	0.246	0.83	20000.0
465	199.226	47.586	50.741	42.683	0.224	0.855	20000.0
466	202.204	50.296	53.667	46.408	0.252	0.831	30000.0
467	196.662	53.103	53.722	51.077	0.297	0.784	20000.0
468	189.481	49.897	52.273	46.304	0.251	0.832	20000.0
469	198.109	49.338	51.26	45.989	0.241	0.831	20000.0
470	193.83	47.005	51.576	43.798	0.23	0.851	20000.0
471	194.355	47.536	49.21	42.507	0.228	0.852	20000.0
472	203.483	49.036	52.949	44.875	0.236	0.846	20000.0
473	189.469	44.292	48.808	40.392	0.203	0.873	30000.0
474	192.967	49.844	53.16	47.089	0.251	0.824	20000.0
475	195.447	49.93	52.201	45.777	0.25	0.834	20000.0
476	195.644	49.14	50.208	44.708	0.238	0.842	20000.0
477	188.873	46.717	47.31	41.21	0.216	0.866	20000.0
478	204.092	48.868	53.361	44.501	0.226	0.851	20000.0
479	201.312	52.374	51.853	47.484	0.27	0.827	20000.0
480	194.704	48.709	50.903	45.008	0.243	0.835	20000.0
481	195.455	49.93	52.843	48.102	0.252	0.819	20000.0
482	188.229	50.231	48.781	46.201	0.25	0.832	30000.0
483	186.154	50.132	47.337	46.68	0.256	0.823	20000.0
484	211.391	52.043	54.131	45.787	0.255	0.83	20000.0
485	186.703	47.028	48.491	43.242	0.23	0.848	20000.0
486	203.688	49.99	51.631	44.512	0.241	0.839	30000.0
487	203.925	48.739	52.527	43.336	0.227	0.852	20000.0
488	184.122	51.231	48.658	48.433	0.281	0.798	20000.0
489	202.887	47.813	51.035	42.689	0.225	0.856	20000.0
490	199.069	49.73	51.532	44.952	0.234	0.838	20000.0
491	177.776	44.303	46.097	40.345	0.203	0.875	20000.0
492	193.121	48.869	50.012	44.205	0.251	0.848	20000.0
493	189.442	52.19	49.745	48.975	0.279	0.807	20000.0
494	196.977	48.146	50.263	43.965	0.233	0.843	20000.0
495	199.55	48.757	51.806	43.608	0.237	0.85	20000.0
496	196.274	48.969	53.124	45.514	0.235	0.835	20000.0
497	201.517	49.588	51.601	45.169	0.234	0.835	20000.0
498	189.736	51.516	48.482	48.225	0.282	0.809	20000.0
499	199.677	49.462	51.413	44.233	0.235	0.845	30000.0
500	194.903	51.949	51.178	48.593	0.265	0.812	20000.0
