NMF_Replicate	L1	L1 %	L2	L2 %	KL Divergence	Correlation	Convergence Iterations
1	149.01	37.454	35.954	33.115	0.156	0.91	20000.0
2	152.82	35.013	38.366	31.005	0.128	0.926	20000.0
3	150.163	39.271	35.46	33.938	0.177	0.903	20000.0
4	160.564	39.73	42.35	36.464	0.157	0.9	20000.0
5	155.058	36.685	41.209	34.11	0.14	0.91	20000.0
6	147.14	37.642	38.289	33.883	0.155	0.911	20000.0
7	153.692	37.004	38.825	33.263	0.141	0.914	20000.0
8	152.624	38.212	37.466	32.84	0.158	0.916	20000.0
9	152.347	37.606	37.997	33.083	0.147	0.918	20000.0
10	149.757	35.769	38.824	32.779	0.136	0.92	20000.0
11	152.083	37.144	39.28	34.693	0.149	0.904	20000.0
12	149.588	35.611	38.441	31.48	0.129	0.926	20000.0
13	151.907	39.525	38.493	35.348	0.162	0.901	20000.0
14	161.52	37.716	41.15	33.079	0.143	0.92	20000.0
15	157.728	38.23	41.845	35.693	0.146	0.905	30000.0
16	152.141	36.021	38.582	32.768	0.132	0.917	20000.0
17	161.294	39.1	41.567	35.559	0.152	0.902	20000.0
18	145.434	37.546	33.785	32.14	0.159	0.909	20000.0
19	149.021	36.297	37.788	32.547	0.147	0.921	30000.0
20	150.355	36.018	38.583	32.328	0.129	0.928	20000.0
21	150.144	39.154	39.434	36.088	0.167	0.896	20000.0
22	156.811	39.985	39.974	36.428	0.174	0.891	20000.0
23	156.947	36.946	40.373	32.841	0.145	0.919	30000.0
24	159.184	36.561	42.02	33.864	0.135	0.912	20000.0
25	158.727	37.397	40.498	33.468	0.142	0.917	20000.0
26	142.903	36.023	35.647	31.739	0.141	0.922	20000.0
27	156.97	36.264	40.758	33.034	0.137	0.92	20000.0
28	153.632	36.434	39.855	33.912	0.146	0.913	30000.0
29	150.967	37.589	36.978	32.955	0.145	0.915	20000.0
30	146.551	35.696	37.052	32.0	0.14	0.919	20000.0
31	152.582	35.097	37.436	29.993	0.131	0.937	20000.0
32	150.638	36.216	37.901	31.781	0.14	0.923	20000.0
33	154.127	39.95	37.557	34.701	0.17	0.902	20000.0
34	155.07	39.439	38.785	35.254	0.159	0.899	20000.0
35	152.261	36.362	37.639	32.294	0.142	0.916	20000.0
36	150.503	39.19	36.619	34.322	0.162	0.897	20000.0
37	147.235	37.657	36.664	33.158	0.151	0.914	20000.0
38	157.785	34.43	43.299	32.438	0.125	0.926	20000.0
39	158.199	39.705	39.933	35.3	0.161	0.901	20000.0
40	159.452	37.061	41.38	33.979	0.135	0.913	20000.0
41	152.082	38.794	38.782	34.332	0.159	0.907	20000.0
42	154.151	37.227	39.911	34.336	0.148	0.905	20000.0
43	160.438	40.024	41.864	36.877	0.172	0.894	30000.0
44	165.905	40.427	41.53	35.806	0.17	0.899	20000.0
45	155.698	36.491	39.07	33.317	0.139	0.914	20000.0
46	160.843	37.85	40.011	34.122	0.14	0.914	20000.0
47	158.052	40.052	41.0	35.752	0.165	0.901	20000.0
48	139.452	35.056	36.377	32.603	0.13	0.918	20000.0
49	154.71	41.179	40.311	37.249	0.173	0.892	20000.0
50	153.627	40.175	39.293	36.392	0.185	0.886	20000.0
51	163.737	39.701	41.465	35.818	0.155	0.906	20000.0
52	152.264	38.169	39.536	34.294	0.157	0.913	20000.0
53	152.405	39.457	37.488	34.556	0.169	0.899	20000.0
54	147.4	38.104	37.349	34.009	0.155	0.906	20000.0
55	153.741	38.288	38.99	34.145	0.151	0.906	20000.0
56	154.088	39.993	39.262	35.323	0.168	0.899	20000.0
57	143.306	35.574	36.28	31.56	0.136	0.927	20000.0
58	156.688	38.334	40.201	35.557	0.151	0.903	20000.0
59	138.367	36.644	33.446	30.766	0.167	0.921	20000.0
60	147.411	38.082	37.521	34.694	0.172	0.902	20000.0
61	147.084	35.547	36.971	31.663	0.138	0.918	20000.0
62	152.781	36.061	39.382	33.831	0.134	0.913	20000.0
63	152.181	38.734	36.603	34.143	0.16	0.903	20000.0
64	155.508	36.62	38.049	32.401	0.136	0.918	20000.0
65	152.856	39.485	40.547	36.552	0.169	0.893	20000.0
66	146.516	36.645	37.55	33.444	0.145	0.912	20000.0
67	157.783	36.861	40.939	33.831	0.137	0.908	20000.0
68	153.538	35.652	40.247	33.355	0.126	0.916	20000.0
69	157.425	37.535	40.084	34.004	0.152	0.913	20000.0
70	154.51	36.206	38.572	31.896	0.145	0.916	20000.0
71	156.576	40.012	40.475	36.14	0.165	0.89	20000.0
72	168.985	37.418	44.301	34.27	0.141	0.913	20000.0
73	150.584	37.653	37.415	33.373	0.156	0.909	20000.0
74	142.002	35.155	37.048	31.98	0.146	0.92	20000.0
75	154.573	35.949	40.321	33.531	0.142	0.915	20000.0
76	161.906	34.11	42.729	30.531	0.123	0.933	20000.0
77	139.358	36.67	33.997	31.919	0.16	0.913	20000.0
78	150.778	34.418	38.756	31.081	0.131	0.929	20000.0
79	150.797	38.927	37.576	34.31	0.157	0.91	20000.0
80	148.103	36.422	37.197	32.657	0.152	0.916	30000.0
81	155.343	34.703	39.02	30.957	0.126	0.931	20000.0
82	143.871	37.825	35.134	33.093	0.152	0.909	20000.0
83	151.746	38.545	39.752	35.479	0.162	0.902	30000.0
84	142.033	37.74	33.434	32.567	0.166	0.912	20000.0
85	166.572	37.446	43.764	34.603	0.135	0.913	20000.0
86	147.084	37.497	37.788	33.913	0.153	0.908	20000.0
87	153.493	38.296	40.762	35.36	0.146	0.909	20000.0
88	158.965	38.879	41.314	34.634	0.154	0.915	20000.0
89	156.544	35.137	40.431	31.894	0.124	0.926	20000.0
90	156.316	39.277	40.535	36.953	0.157	0.885	20000.0
91	156.435	38.602	39.521	34.653	0.148	0.909	20000.0
92	146.517	35.002	36.675	32.065	0.138	0.919	20000.0
93	158.046	38.847	40.561	36.118	0.155	0.901	20000.0
94	151.869	35.579	37.949	32.614	0.146	0.916	20000.0
95	147.003	34.461	37.601	31.029	0.125	0.931	20000.0
96	148.224	33.257	37.296	29.705	0.12	0.934	20000.0
97	155.144	36.897	38.534	32.72	0.14	0.917	20000.0
98	150.096	35.823	37.909	32.365	0.137	0.918	20000.0
99	153.237	40.188	37.903	35.377	0.176	0.895	20000.0
100	150.405	39.295	37.173	34.336	0.171	0.904	20000.0
101	146.551	35.139	35.93	30.777	0.136	0.927	20000.0
102	162.313	41.205	39.605	35.938	0.19	0.894	20000.0
103	168.134	38.921	42.381	34.787	0.152	0.909	20000.0
104	152.381	36.381	38.146	31.682	0.137	0.923	20000.0
105	148.246	38.893	36.004	33.469	0.163	0.905	20000.0
106	147.695	38.139	37.276	34.45	0.166	0.902	20000.0
107	153.455	37.373	40.116	35.023	0.138	0.908	20000.0
108	163.082	35.649	42.636	33.102	0.128	0.921	20000.0
109	152.219	35.945	37.061	31.677	0.14	0.918	20000.0
110	148.535	35.209	38.511	32.704	0.129	0.922	20000.0
111	145.37	38.508	36.413	34.026	0.171	0.9	20000.0
112	149.519	33.628	39.378	30.298	0.119	0.934	20000.0
113	147.484	34.739	38.75	31.487	0.129	0.927	20000.0
114	155.231	40.418	39.624	36.187	0.174	0.892	20000.0
115	148.073	35.932	37.777	32.14	0.137	0.917	20000.0
116	143.26	38.768	35.88	34.598	0.166	0.897	20000.0
117	156.972	35.741	41.52	33.383	0.14	0.916	20000.0
118	155.261	34.503	40.822	31.785	0.131	0.928	20000.0
119	143.684	35.43	35.983	31.148	0.136	0.925	20000.0
120	149.192	37.784	38.927	34.036	0.156	0.906	20000.0
121	158.675	39.58	39.041	34.655	0.162	0.907	20000.0
122	147.933	38.269	36.556	34.557	0.17	0.896	20000.0
123	157.091	39.586	39.496	34.188	0.169	0.908	20000.0
124	148.466	33.985	39.434	32.017	0.131	0.924	20000.0
125	150.087	36.116	38.246	32.638	0.141	0.92	20000.0
126	155.212	34.629	41.913	32.368	0.132	0.921	20000.0
127	152.452	36.607	39.094	33.514	0.138	0.918	20000.0
128	155.288	37.207	40.041	33.419	0.145	0.917	20000.0
129	146.606	37.198	35.682	31.498	0.161	0.922	20000.0
130	145.571	37.063	37.24	33.8	0.148	0.904	20000.0
131	155.159	40.907	38.586	35.386	0.172	0.898	20000.0
132	150.682	35.504	39.238	33.07	0.132	0.912	20000.0
133	151.025	37.638	36.568	32.528	0.159	0.92	20000.0
134	143.38	34.983	34.843	30.712	0.128	0.925	20000.0
135	153.202	37.14	37.341	32.651	0.143	0.917	20000.0
136	147.894	37.62	38.045	34.215	0.159	0.908	20000.0
137	155.839	38.134	40.72	35.021	0.15	0.901	20000.0
138	148.225	36.528	36.707	33.636	0.148	0.904	20000.0
139	159.836	38.99	41.837	35.255	0.153	0.91	20000.0
140	157.134	37.809	40.932	35.012	0.146	0.906	30000.0
141	158.731	42.059	40.834	37.068	0.186	0.889	20000.0
142	146.632	37.281	34.801	32.663	0.155	0.914	20000.0
143	162.387	37.193	43.942	33.547	0.134	0.921	20000.0
144	150.154	36.264	38.386	32.947	0.144	0.917	20000.0
145	150.5	35.825	38.011	32.111	0.137	0.92	20000.0
146	151.678	36.637	38.964	33.107	0.144	0.916	30000.0
147	143.926	35.578	37.08	32.608	0.142	0.922	20000.0
148	151.706	36.362	40.734	34.162	0.139	0.912	20000.0
149	161.118	41.793	38.584	35.741	0.178	0.896	20000.0
150	142.962	36.17	36.544	32.003	0.155	0.922	20000.0
151	145.74	34.927	37.7	31.395	0.13	0.928	20000.0
152	146.526	36.673	37.883	33.587	0.143	0.908	20000.0
153	154.598	39.4	38.87	35.519	0.161	0.899	20000.0
154	147.37	37.911	38.213	33.857	0.155	0.908	30000.0
155	157.74	38.346	40.591	35.54	0.145	0.899	20000.0
156	140.399	37.122	34.673	32.683	0.158	0.912	20000.0
157	146.909	37.57	36.869	33.928	0.161	0.906	20000.0
158	150.019	37.468	39.933	35.623	0.145	0.899	20000.0
159	154.209	37.86	40.015	34.812	0.156	0.901	20000.0
160	148.715	38.27	35.77	32.837	0.161	0.911	20000.0
161	161.617	37.829	41.321	33.295	0.148	0.915	20000.0
162	148.966	35.526	37.834	32.137	0.134	0.923	20000.0
163	149.033	36.13	37.652	32.139	0.145	0.921	20000.0
164	160.742	39.992	41.087	36.254	0.16	0.9	20000.0
165	156.408	40.267	41.042	36.79	0.176	0.894	20000.0
166	165.416	36.542	44.045	33.345	0.138	0.918	20000.0
167	156.6	37.073	41.242	34.451	0.143	0.91	20000.0
168	157.798	35.562	41.289	31.855	0.12	0.929	20000.0
169	141.56	37.203	37.001	33.543	0.152	0.907	30000.0
170	142.535	35.759	36.286	32.628	0.144	0.919	20000.0
171	152.278	38.224	37.615	33.958	0.16	0.911	20000.0
172	138.15	35.704	35.561	32.8	0.148	0.914	20000.0
173	137.395	35.665	33.95	31.194	0.146	0.921	20000.0
174	141.493	37.132	35.278	33.176	0.159	0.91	20000.0
175	154.44	38.951	39.303	35.783	0.158	0.895	20000.0
176	153.915	40.104	37.828	35.078	0.171	0.896	20000.0
177	155.531	36.854	38.228	31.974	0.138	0.923	20000.0
178	146.657	37.793	36.267	33.27	0.16	0.911	20000.0
179	144.206	36.994	35.818	32.79	0.151	0.914	20000.0
180	156.56	39.888	38.809	34.75	0.161	0.909	20000.0
181	150.622	35.594	37.148	31.665	0.136	0.927	20000.0
182	139.758	36.585	34.354	32.094	0.151	0.913	20000.0
183	152.628	33.668	40.214	30.759	0.133	0.929	20000.0
184	158.106	40.23	38.73	36.61	0.168	0.892	20000.0
185	160.182	37.835	40.014	34.525	0.143	0.908	20000.0
186	155.17	36.436	39.916	32.928	0.142	0.921	20000.0
187	148.242	36.168	38.245	34.189	0.136	0.91	20000.0
188	143.448	36.047	36.134	31.994	0.148	0.924	20000.0
189	161.72	39.357	40.956	36.08	0.161	0.894	20000.0
190	170.183	36.754	45.326	34.95	0.131	0.911	20000.0
191	154.287	38.249	39.653	34.869	0.155	0.906	20000.0
192	162.627	39.182	42.043	35.076	0.155	0.908	20000.0
193	152.236	32.37	39.652	30.032	0.118	0.934	20000.0
194	147.835	38.484	35.9	34.317	0.164	0.898	20000.0
195	152.118	36.316	38.088	32.463	0.141	0.921	20000.0
196	154.085	35.595	39.865	32.492	0.142	0.921	20000.0
197	151.476	40.897	37.188	35.33	0.181	0.892	20000.0
198	153.66	37.95	39.596	34.349	0.15	0.911	20000.0
199	141.415	34.919	36.08	31.606	0.132	0.917	20000.0
200	154.561	38.741	38.497	34.16	0.167	0.903	20000.0
201	169.333	37.827	45.267	35.227	0.146	0.908	20000.0
202	156.389	38.526	39.952	34.381	0.156	0.911	20000.0
203	148.708	34.624	38.06	31.974	0.127	0.922	20000.0
204	158.124	36.903	40.84	33.453	0.143	0.917	20000.0
205	161.761	37.897	41.129	33.99	0.145	0.914	20000.0
206	154.402	38.24	39.029	33.868	0.149	0.911	20000.0
207	147.32	35.219	38.454	32.463	0.139	0.921	20000.0
208	149.32	35.172	38.983	33.276	0.133	0.915	20000.0
209	158.598	35.669	39.806	31.58	0.129	0.923	20000.0
210	160.416	36.515	40.456	32.988	0.137	0.916	20000.0
211	150.121	36.636	37.579	33.366	0.147	0.911	20000.0
212	159.985	41.765	41.15	37.052	0.183	0.889	20000.0
213	159.166	42.266	39.743	37.094	0.193	0.887	20000.0
214	152.336	37.161	38.47	33.459	0.148	0.911	20000.0
215	153.292	38.942	37.972	33.427	0.165	0.911	20000.0
216	156.98	40.074	40.004	35.291	0.174	0.903	20000.0
217	154.908	37.601	41.067	35.98	0.143	0.901	20000.0
218	151.462	37.824	37.028	32.341	0.157	0.921	20000.0
219	148.967	37.932	37.566	35.208	0.158	0.898	20000.0
220	136.373	31.732	33.816	28.744	0.119	0.938	20000.0
221	167.765	41.485	43.781	37.47	0.174	0.897	20000.0
222	151.605	35.4	39.751	32.72	0.133	0.924	20000.0
223	142.445	35.049	37.087	32.639	0.138	0.915	20000.0
224	153.46	40.001	38.055	35.458	0.18	0.895	20000.0
225	157.314	37.91	40.009	33.755	0.148	0.912	20000.0
226	144.695	34.969	36.186	32.517	0.13	0.917	20000.0
227	147.974	34.489	36.537	31.299	0.147	0.922	20000.0
228	157.721	39.069	40.433	35.993	0.15	0.9	20000.0
229	161.245	40.504	41.056	36.358	0.161	0.887	20000.0
230	150.642	35.778	37.719	32.481	0.139	0.917	20000.0
231	149.861	38.936	38.641	34.928	0.163	0.905	20000.0
232	147.573	36.219	36.04	32.191	0.139	0.915	20000.0
233	143.897	36.006	37.775	33.126	0.145	0.915	20000.0
234	152.748	38.309	37.824	33.444	0.158	0.913	20000.0
235	140.234	36.919	35.092	32.553	0.166	0.913	20000.0
236	162.185	41.558	41.413	37.656	0.176	0.885	20000.0
237	157.948	39.807	38.427	35.239	0.174	0.904	20000.0
238	146.603	37.592	38.253	33.429	0.16	0.912	20000.0
239	158.762	38.2	38.67	32.926	0.148	0.918	20000.0
240	161.564	36.234	43.992	35.405	0.128	0.908	20000.0
241	150.633	36.37	37.525	32.142	0.141	0.922	20000.0
242	153.274	36.927	38.903	33.224	0.145	0.906	20000.0
243	145.536	35.872	35.904	32.021	0.137	0.92	20000.0
244	139.229	36.264	34.031	32.095	0.15	0.918	20000.0
245	150.498	34.007	38.638	31.401	0.136	0.922	20000.0
246	151.518	37.704	39.261	35.723	0.143	0.906	20000.0
247	158.832	36.025	39.347	32.62	0.139	0.918	20000.0
248	150.086	37.118	36.7	32.058	0.153	0.922	20000.0
249	146.248	35.101	36.937	30.999	0.138	0.924	20000.0
250	164.045	37.872	42.279	34.164	0.141	0.914	20000.0
251	154.786	37.99	39.114	34.694	0.146	0.902	20000.0
252	166.801	37.436	44.299	34.606	0.138	0.913	20000.0
253	152.863	37.537	40.248	33.172	0.158	0.918	20000.0
254	154.711	37.665	38.587	33.249	0.148	0.916	20000.0
255	143.306	36.948	35.714	32.876	0.148	0.911	20000.0
256	154.455	39.741	39.731	36.095	0.168	0.894	20000.0
257	150.248	39.657	37.427	34.656	0.173	0.902	20000.0
258	153.234	39.514	39.851	35.635	0.164	0.903	20000.0
259	151.875	40.151	36.378	34.518	0.181	0.899	30000.0
260	152.504	36.265	39.583	32.522	0.147	0.919	20000.0
261	149.466	37.975	38.462	34.425	0.162	0.908	20000.0
262	156.651	35.942	42.381	33.683	0.13	0.922	20000.0
263	143.014	35.679	35.008	30.93	0.15	0.922	20000.0
264	149.801	35.923	39.463	34.033	0.14	0.913	20000.0
265	149.379	39.161	35.21	32.887	0.166	0.909	20000.0
266	146.751	38.187	36.516	34.012	0.157	0.907	20000.0
267	158.316	39.879	41.889	36.037	0.165	0.903	20000.0
268	161.108	35.048	42.539	32.763	0.127	0.921	20000.0
269	147.682	39.953	37.005	34.935	0.177	0.894	20000.0
270	139.826	37.339	33.352	31.669	0.157	0.916	20000.0
271	159.334	40.727	40.408	36.026	0.164	0.9	20000.0
272	159.459	39.818	39.64	34.198	0.163	0.911	20000.0
273	143.211	34.34	36.192	31.29	0.134	0.923	20000.0
274	143.259	35.549	35.617	32.694	0.14	0.917	20000.0
275	156.071	35.129	40.646	32.026	0.127	0.925	20000.0
276	169.559	37.651	45.129	34.583	0.14	0.908	20000.0
277	146.783	35.186	38.118	32.205	0.134	0.922	20000.0
278	149.951	38.013	35.854	33.187	0.165	0.914	20000.0
279	142.061	36.324	35.297	32.068	0.146	0.921	20000.0
280	155.27	35.327	40.695	32.215	0.126	0.924	20000.0
281	157.012	37.876	40.945	35.054	0.152	0.904	20000.0
282	158.515	36.385	41.033	33.837	0.14	0.912	20000.0
283	159.567	37.806	39.152	33.549	0.143	0.913	30000.0
284	149.721	39.026	36.394	32.82	0.164	0.915	20000.0
285	156.74	35.202	42.339	32.389	0.135	0.927	20000.0
286	148.102	38.204	36.05	33.689	0.155	0.906	20000.0
287	149.984	36.601	38.874	34.094	0.144	0.916	20000.0
288	146.392	37.894	35.684	33.293	0.159	0.907	20000.0
289	140.722	34.804	36.386	31.973	0.135	0.925	20000.0
290	163.702	36.648	42.926	33.202	0.131	0.92	20000.0
291	146.614	35.911	36.396	30.957	0.145	0.93	20000.0
292	152.276	38.377	38.558	34.71	0.161	0.91	20000.0
293	143.776	35.692	34.734	31.571	0.148	0.918	20000.0
294	153.08	38.733	39.606	33.814	0.17	0.917	20000.0
295	167.202	41.948	43.403	37.938	0.184	0.888	20000.0
296	151.342	34.284	38.012	29.68	0.132	0.932	20000.0
297	160.531	38.699	40.553	34.76	0.157	0.906	20000.0
298	142.781	36.844	36.14	32.931	0.154	0.91	20000.0
299	159.885	39.273	41.011	35.424	0.159	0.907	20000.0
300	161.7	36.678	40.52	33.007	0.136	0.92	20000.0
301	153.001	39.363	37.608	34.761	0.165	0.899	20000.0
302	163.347	36.285	42.309	33.2	0.134	0.918	20000.0
303	160.042	40.546	38.643	34.395	0.171	0.909	20000.0
304	153.22	36.816	39.221	33.819	0.141	0.91	20000.0
305	157.874	36.72	39.118	33.304	0.142	0.915	30000.0
306	139.253	35.119	35.406	31.372	0.145	0.926	20000.0
307	147.198	36.91	36.893	32.323	0.157	0.915	20000.0
308	150.331	34.301	38.195	30.44	0.123	0.93	20000.0
309	164.599	41.665	42.129	37.454	0.176	0.889	20000.0
310	154.746	35.174	39.114	31.747	0.137	0.925	20000.0
311	147.546	37.058	36.771	33.173	0.157	0.912	20000.0
312	152.962	39.997	39.692	36.376	0.178	0.891	20000.0
313	149.029	36.463	38.057	33.622	0.141	0.909	20000.0
314	151.297	39.268	38.245	35.598	0.158	0.9	20000.0
315	159.892	37.676	41.845	33.851	0.138	0.915	20000.0
316	151.262	37.89	37.283	33.757	0.151	0.914	20000.0
317	153.204	38.658	37.767	34.651	0.153	0.902	30000.0
318	160.055	36.976	39.824	32.925	0.147	0.919	20000.0
319	164.739	38.297	42.494	35.34	0.153	0.911	20000.0
320	147.829	35.185	35.573	30.609	0.131	0.926	20000.0
321	147.637	38.195	37.533	33.187	0.153	0.911	20000.0
322	148.905	36.391	37.595	32.74	0.145	0.915	20000.0
323	142.539	34.315	38.573	33.55	0.135	0.921	20000.0
324	157.085	39.505	40.772	36.257	0.156	0.9	20000.0
325	148.792	36.907	38.528	34.11	0.146	0.905	20000.0
326	157.366	39.025	37.515	32.992	0.159	0.915	20000.0
327	150.342	37.323	37.076	32.316	0.151	0.92	20000.0
328	140.139	36.458	34.612	32.297	0.152	0.911	20000.0
329	147.563	37.856	36.33	32.686	0.164	0.913	20000.0
330	158.03	37.821	38.298	32.6	0.152	0.918	30000.0
331	156.891	39.861	39.115	34.986	0.166	0.905	20000.0
332	158.357	36.387	43.641	33.924	0.135	0.92	20000.0
333	154.053	37.333	37.962	33.174	0.141	0.916	20000.0
334	155.855	36.855	38.578	31.972	0.141	0.923	30000.0
335	150.478	39.929	37.384	35.569	0.176	0.893	20000.0
336	153.729	37.784	40.835	34.749	0.151	0.906	20000.0
337	153.344	39.514	40.06	35.897	0.17	0.9	20000.0
338	144.486	38.203	34.492	31.478	0.168	0.921	20000.0
339	151.354	39.138	41.829	36.855	0.167	0.888	20000.0
340	151.697	39.168	38.31	35.182	0.172	0.896	20000.0
341	149.123	35.719	37.114	32.224	0.138	0.916	20000.0
342	147.879	36.621	36.183	31.738	0.146	0.922	20000.0
343	158.502	38.358	39.472	35.195	0.15	0.899	20000.0
344	149.736	36.706	38.826	33.416	0.152	0.914	20000.0
345	155.229	39.878	38.655	34.601	0.164	0.904	20000.0
346	143.639	36.058	36.068	31.776	0.147	0.917	20000.0
347	156.015	38.517	38.757	34.021	0.15	0.912	20000.0
348	146.593	36.796	37.16	33.404	0.142	0.913	20000.0
349	148.351	34.863	38.546	32.256	0.125	0.924	20000.0
350	146.063	35.431	36.657	31.297	0.145	0.928	20000.0
351	157.899	39.574	39.478	34.836	0.164	0.907	20000.0
352	157.427	40.092	39.17	35.54	0.172	0.897	20000.0
353	155.105	37.693	37.386	32.662	0.15	0.918	20000.0
354	154.871	36.308	38.94	32.268	0.142	0.923	20000.0
355	155.27	34.722	39.519	31.247	0.128	0.929	20000.0
356	160.827	39.455	39.941	35.172	0.159	0.905	20000.0
357	156.141	38.511	39.549	34.43	0.156	0.905	20000.0
358	155.671	39.916	37.951	33.958	0.174	0.909	20000.0
359	143.166	36.52	35.745	32.679	0.147	0.914	20000.0
360	150.554	38.638	38.707	34.807	0.162	0.904	20000.0
361	156.296	37.819	38.492	33.482	0.152	0.913	20000.0
362	153.117	38.034	37.369	32.252	0.157	0.919	20000.0
363	146.239	36.187	37.5	33.196	0.143	0.914	20000.0
364	154.022	39.086	37.242	33.804	0.166	0.905	20000.0
365	150.027	36.17	39.048	33.593	0.14	0.914	20000.0
366	151.436	35.546	37.448	31.098	0.137	0.925	20000.0
367	151.947	35.23	38.005	31.084	0.135	0.924	30000.0
368	147.926	37.255	35.874	31.552	0.154	0.921	20000.0
369	158.433	38.848	40.124	34.813	0.151	0.902	20000.0
370	149.964	37.433	37.391	33.401	0.155	0.918	20000.0
371	152.265	39.869	38.477	35.821	0.164	0.896	20000.0
372	153.267	38.545	38.477	34.398	0.157	0.907	20000.0
373	146.588	36.408	36.771	33.37	0.146	0.907	20000.0
374	155.847	39.62	39.344	35.332	0.164	0.9	30000.0
375	155.875	34.228	39.919	29.998	0.126	0.935	20000.0
376	157.042	38.236	39.162	33.757	0.149	0.913	20000.0
377	159.412	40.738	39.53	35.138	0.167	0.903	20000.0
378	161.007	38.919	41.957	35.325	0.149	0.909	20000.0
379	157.204	36.912	40.646	34.127	0.14	0.913	20000.0
380	152.132	39.242	38.574	35.43	0.165	0.899	20000.0
381	146.27	37.779	36.352	34.001	0.162	0.904	20000.0
382	153.075	39.857	38.751	35.737	0.178	0.894	20000.0
383	158.189	37.235	40.926	33.571	0.148	0.914	20000.0
384	140.284	37.471	35.354	32.618	0.175	0.911	20000.0
385	141.41	32.796	35.566	29.477	0.122	0.937	20000.0
386	150.111	36.289	38.421	33.657	0.139	0.913	20000.0
387	151.985	37.483	39.054	33.512	0.15	0.917	20000.0
388	149.052	37.639	36.099	31.918	0.153	0.92	30000.0
389	158.256	40.973	40.739	37.017	0.177	0.889	20000.0
390	146.782	31.996	36.798	28.338	0.124	0.938	20000.0
391	146.274	37.79	37.143	34.083	0.166	0.903	20000.0
392	152.161	37.152	39.187	34.676	0.142	0.907	20000.0
393	145.789	37.361	36.593	33.102	0.156	0.91	30000.0
394	156.339	41.411	37.759	34.658	0.189	0.902	20000.0
395	153.341	36.967	38.337	33.626	0.142	0.912	20000.0
396	152.649	36.881	37.633	32.309	0.143	0.918	20000.0
397	155.395	38.448	40.214	35.203	0.153	0.909	20000.0
398	154.529	39.468	38.784	35.221	0.17	0.898	20000.0
399	151.355	38.862	38.236	35.017	0.163	0.901	20000.0
400	164.038	38.918	42.086	35.499	0.154	0.911	20000.0
401	144.055	34.517	35.201	30.503	0.128	0.926	20000.0
402	147.746	35.358	38.623	32.787	0.142	0.917	20000.0
403	145.072	38.173	37.218	33.948	0.173	0.911	30000.0
404	153.232	38.895	39.774	34.698	0.157	0.914	20000.0
405	144.989	35.287	38.226	33.053	0.143	0.916	20000.0
406	148.598	38.572	36.56	33.269	0.168	0.904	20000.0
407	163.072	39.077	43.155	36.252	0.155	0.903	20000.0
408	162.588	34.577	44.288	32.666	0.127	0.922	20000.0
409	147.759	37.388	36.665	32.649	0.146	0.913	20000.0
410	155.962	38.716	37.772	33.327	0.155	0.912	20000.0
411	148.28	39.28	35.758	32.982	0.165	0.916	20000.0
412	151.73	36.302	38.273	32.47	0.14	0.921	20000.0
413	155.314	35.465	41.306	32.751	0.132	0.921	20000.0
414	153.168	37.668	40.272	35.874	0.147	0.902	20000.0
415	155.038	35.199	38.338	31.359	0.129	0.927	20000.0
416	147.403	33.262	37.422	29.67	0.12	0.935	20000.0
417	149.05	38.328	36.292	33.159	0.154	0.911	20000.0
418	154.982	36.889	39.679	33.32	0.141	0.915	20000.0
419	149.197	35.369	37.944	32.451	0.136	0.917	20000.0
420	145.573	36.144	35.852	31.809	0.144	0.919	20000.0
421	151.994	37.523	38.747	33.871	0.142	0.908	20000.0
422	150.774	37.08	38.354	33.306	0.143	0.916	20000.0
423	151.174	37.537	37.679	33.757	0.146	0.911	20000.0
424	142.519	35.489	35.38	32.054	0.14	0.92	30000.0
425	144.173	37.041	37.526	33.939	0.151	0.912	20000.0
426	147.626	36.948	37.309	34.473	0.146	0.902	20000.0
427	151.828	37.971	38.988	35.022	0.152	0.909	20000.0
428	161.116	40.597	40.843	35.875	0.168	0.907	20000.0
429	148.855	39.757	37.573	34.687	0.166	0.897	20000.0
430	157.87	35.343	40.826	32.187	0.133	0.923	30000.0
431	141.87	35.888	35.182	31.521	0.147	0.922	20000.0
432	153.98	38.158	38.935	34.275	0.157	0.912	20000.0
433	155.329	39.726	39.239	35.106	0.164	0.898	20000.0
434	147.348	36.874	37.33	33.275	0.159	0.91	20000.0
435	155.78	37.715	38.985	33.566	0.145	0.914	20000.0
436	145.921	36.744	36.028	32.36	0.152	0.917	20000.0
437	152.9	36.851	36.552	32.193	0.14	0.915	20000.0
438	155.153	37.289	39.87	33.623	0.148	0.913	20000.0
439	145.675	37.771	37.054	33.902	0.165	0.904	20000.0
440	150.925	38.727	39.202	35.521	0.16	0.902	20000.0
441	150.653	38.26	36.727	33.381	0.174	0.905	30000.0
442	159.094	36.779	41.726	33.475	0.14	0.921	20000.0
443	165.634	50.479	41.298	45.21	0.278	0.803	20000.0
444	155.132	37.483	40.817	34.351	0.143	0.912	20000.0
445	157.304	38.924	39.831	36.328	0.154	0.898	20000.0
446	147.465	36.807	36.602	33.014	0.148	0.918	20000.0
447	152.964	35.846	37.476	31.883	0.142	0.921	20000.0
448	163.617	38.86	43.445	35.951	0.137	0.906	20000.0
449	147.322	37.76	35.99	33.029	0.152	0.912	20000.0
450	157.909	36.575	38.127	32.247	0.134	0.921	20000.0
451	162.909	40.249	40.686	35.374	0.163	0.904	20000.0
452	158.133	41.87	38.384	35.938	0.183	0.891	20000.0
453	153.321	41.111	37.107	35.592	0.182	0.887	20000.0
454	151.346	36.974	37.967	33.98	0.142	0.901	20000.0
455	148.523	36.579	38.106	33.03	0.152	0.916	20000.0
456	142.07	37.115	35.87	33.386	0.151	0.907	20000.0
457	146.465	33.729	36.545	29.147	0.127	0.937	20000.0
458	152.281	39.978	38.468	35.465	0.161	0.903	20000.0
459	142.291	35.605	36.159	32.543	0.14	0.912	20000.0
460	150.248	36.158	38.863	33.457	0.142	0.916	20000.0
461	139.362	33.766	35.203	30.589	0.13	0.929	20000.0
462	158.336	40.572	41.804	38.17	0.17	0.886	20000.0
463	154.429	40.661	36.986	35.35	0.173	0.894	20000.0
464	141.655	36.704	36.386	33.197	0.152	0.913	20000.0
465	148.765	38.9	36.747	34.209	0.164	0.908	20000.0
466	156.074	39.456	40.377	35.459	0.158	0.899	20000.0
467	154.426	37.515	38.983	34.326	0.144	0.911	20000.0
468	148.978	33.465	39.867	30.532	0.124	0.929	20000.0
469	156.982	37.04	42.098	35.432	0.145	0.905	20000.0
470	156.481	38.895	41.961	37.908	0.156	0.888	20000.0
471	147.758	35.601	36.762	31.874	0.135	0.921	20000.0
472	161.839	35.011	41.681	30.505	0.126	0.933	20000.0
473	146.373	38.673	36.24	34.818	0.159	0.898	30000.0
474	160.386	39.715	39.601	34.437	0.166	0.905	30000.0
475	158.606	37.135	40.49	33.545	0.133	0.915	30000.0
476	165.902	42.279	40.494	36.357	0.174	0.895	20000.0
477	152.58	37.989	36.702	33.023	0.151	0.914	20000.0
478	160.395	37.617	39.933	33.639	0.147	0.911	30000.0
479	146.767	35.267	36.988	31.082	0.14	0.925	20000.0
480	145.387	38.242	36.541	33.92	0.163	0.906	20000.0
481	149.062	35.57	37.546	32.665	0.129	0.913	20000.0
482	148.319	36.7	38.762	33.117	0.145	0.913	20000.0
483	149.353	38.547	36.943	34.357	0.165	0.903	20000.0
484	160.853	41.472	40.461	37.093	0.18	0.893	20000.0
485	155.572	37.834	38.794	33.616	0.147	0.914	20000.0
486	170.441	37.429	45.526	34.741	0.141	0.909	20000.0
487	145.755	37.209	36.931	33.406	0.16	0.908	20000.0
488	151.566	39.725	38.361	35.024	0.182	0.897	20000.0
489	152.644	39.402	38.238	34.232	0.173	0.906	20000.0
490	151.5	36.002	40.041	32.843	0.14	0.919	20000.0
491	140.823	33.97	36.118	30.55	0.123	0.931	20000.0
492	146.804	35.336	35.168	30.413	0.14	0.923	20000.0
493	156.335	39.115	39.558	35.397	0.171	0.897	20000.0
494	161.087	39.07	39.847	34.227	0.145	0.912	20000.0
495	160.801	37.884	41.579	33.92	0.142	0.909	20000.0
496	147.319	37.948	36.826	33.641	0.148	0.91	20000.0
497	146.049	37.906	36.325	32.388	0.157	0.918	20000.0
498	155.038	35.544	41.088	33.373	0.131	0.92	20000.0
499	152.428	36.351	39.657	33.23	0.134	0.916	20000.0
500	146.562	36.09	38.092	33.392	0.144	0.916	20000.0
