NMF_Replicate	L1	L1 %	L2	L2 %	KL Divergence	Correlation	Convergence Iterations
1	137.578	33.686	37.169	31.48	0.123	0.93	20000.0
2	145.828	33.636	40.656	32.311	0.108	0.926	20000.0
3	131.174	32.053	34.065	30.101	0.108	0.93	20000.0
4	136.934	32.868	36.248	30.471	0.118	0.929	20000.0
5	133.082	33.746	35.403	31.707	0.136	0.915	20000.0
6	126.336	30.614	33.121	28.94	0.103	0.938	20000.0
7	129.515	32.53	36.16	31.159	0.106	0.925	30000.0
8	138.329	33.089	36.869	30.904	0.115	0.929	20000.0
9	131.768	32.86	35.013	29.523	0.126	0.934	20000.0
10	137.605	34.284	34.854	30.718	0.125	0.931	20000.0
11	141.347	35.119	36.634	32.043	0.13	0.921	20000.0
12	139.172	35.324	35.87	32.672	0.124	0.915	20000.0
13	132.383	33.315	35.321	30.744	0.118	0.929	20000.0
14	133.726	32.442	36.367	30.97	0.111	0.924	20000.0
15	128.373	30.646	33.718	29.308	0.102	0.937	20000.0
16	136.668	33.12	37.596	31.452	0.11	0.929	20000.0
17	127.292	31.159	34.073	28.62	0.119	0.94	20000.0
18	141.255	33.371	38.155	31.613	0.112	0.925	20000.0
19	133.76	31.617	34.916	29.376	0.116	0.934	20000.0
20	143.258	34.298	38.712	32.44	0.123	0.924	20000.0
21	133.495	34.252	35.556	31.704	0.124	0.926	20000.0
22	144.107	34.626	36.891	31.497	0.121	0.928	20000.0
23	142.368	35.056	37.837	32.686	0.131	0.917	20000.0
24	146.163	35.007	38.915	31.949	0.125	0.927	20000.0
25	133.609	33.249	37.321	31.381	0.119	0.927	20000.0
26	148.816	35.605	39.449	33.404	0.123	0.92	20000.0
27	129.459	32.009	34.405	30.223	0.117	0.932	30000.0
28	131.513	33.234	33.997	30.511	0.111	0.929	20000.0
29	144.398	36.051	36.897	32.73	0.136	0.913	30000.0
30	139.152	35.179	36.883	32.709	0.13	0.921	30000.0
31	135.484	33.676	34.216	29.774	0.124	0.93	20000.0
32	132.003	33.687	33.264	30.559	0.12	0.927	20000.0
33	144.289	35.882	40.167	34.503	0.133	0.907	20000.0
34	135.741	32.622	35.987	30.78	0.112	0.93	20000.0
35	135.256	33.34	34.752	29.972	0.126	0.93	40000.0
36	137.131	33.404	36.556	31.264	0.12	0.927	20000.0
37	147.618	35.814	37.067	31.88	0.13	0.922	20000.0
38	138.254	34.512	37.71	31.846	0.125	0.929	20000.0
39	139.354	33.401	35.1	29.943	0.126	0.929	20000.0
40	145.265	36.196	37.206	32.545	0.128	0.919	20000.0
41	143.19	35.317	38.103	32.795	0.131	0.921	20000.0
42	130.048	33.583	34.629	32.17	0.12	0.919	20000.0
43	140.684	33.626	37.127	30.576	0.121	0.932	20000.0
44	138.51	33.428	36.594	30.581	0.12	0.932	20000.0
45	131.81	31.59	34.086	28.722	0.108	0.94	20000.0
46	136.761	31.76	35.354	29.756	0.107	0.932	20000.0
47	134.918	32.192	35.574	29.396	0.118	0.936	30000.0
48	123.796	30.814	32.767	28.62	0.11	0.938	20000.0
49	134.895	31.568	34.814	28.446	0.111	0.942	20000.0
50	128.49	32.504	34.346	30.325	0.119	0.93	20000.0
51	130.051	33.178	34.891	30.604	0.115	0.931	30000.0
52	144.244	35.351	37.444	32.135	0.129	0.921	20000.0
53	130.958	31.425	35.304	30.289	0.104	0.932	20000.0
54	135.904	32.353	36.523	30.278	0.106	0.938	20000.0
55	130.731	30.751	33.898	28.531	0.107	0.94	20000.0
56	144.887	35.53	39.94	33.015	0.131	0.923	20000.0
57	141.069	33.621	36.547	30.507	0.127	0.934	20000.0
58	137.323	33.731	37.265	31.934	0.122	0.924	20000.0
59	138.829	33.307	37.294	31.177	0.12	0.928	20000.0
60	131.258	31.737	35.573	29.624	0.106	0.937	20000.0
61	134.499	34.943	36.16	33.239	0.124	0.914	20000.0
62	137.996	32.562	37.347	31.315	0.114	0.93	20000.0
63	134.62	34.683	34.746	31.498	0.128	0.921	20000.0
64	135.411	32.631	35.868	29.992	0.104	0.936	30000.0
65	137.342	32.643	36.504	30.643	0.114	0.932	20000.0
66	148.864	35.217	37.669	31.003	0.123	0.93	20000.0
67	140.891	35.366	36.286	32.327	0.137	0.919	20000.0
68	136.885	33.0	35.142	30.453	0.111	0.933	20000.0
69	137.831	33.943	37.284	31.471	0.119	0.924	20000.0
70	140.248	34.097	38.114	32.223	0.117	0.927	20000.0
71	134.668	32.806	36.002	30.916	0.108	0.929	20000.0
72	146.983	35.326	37.82	32.899	0.127	0.918	20000.0
73	137.06	33.757	37.367	31.272	0.118	0.929	20000.0
74	124.426	31.386	31.86	28.199	0.121	0.935	20000.0
75	128.441	31.123	32.61	27.67	0.11	0.941	20000.0
76	136.439	33.18	37.076	31.178	0.114	0.929	20000.0
77	140.679	34.878	38.712	33.04	0.123	0.92	20000.0
78	135.08	33.343	35.557	31.495	0.116	0.925	20000.0
79	133.823	32.534	36.355	30.251	0.111	0.934	20000.0
80	137.87	33.256	35.815	30.378	0.114	0.93	20000.0
81	147.228	35.333	38.383	32.863	0.123	0.918	20000.0
82	138.787	32.876	35.87	29.987	0.115	0.937	20000.0
83	144.349	34.904	38.003	31.752	0.123	0.928	20000.0
84	134.074	32.615	34.896	30.91	0.117	0.926	20000.0
85	141.443	33.879	36.571	30.27	0.121	0.935	20000.0
86	135.025	32.78	35.85	31.277	0.115	0.927	20000.0
87	129.665	32.688	34.274	30.005	0.116	0.93	20000.0
88	140.161	34.885	37.37	32.218	0.122	0.92	20000.0
89	132.507	32.457	34.13	29.388	0.12	0.932	20000.0
90	132.152	32.541	34.644	29.001	0.11	0.938	20000.0
91	142.94	34.817	37.96	32.872	0.129	0.919	20000.0
92	139.712	34.024	37.155	31.815	0.122	0.92	20000.0
93	136.684	33.671	37.319	31.468	0.119	0.929	20000.0
94	134.505	31.567	35.325	29.092	0.1	0.939	20000.0
95	136.507	33.416	35.899	31.118	0.121	0.925	20000.0
96	141.117	33.795	38.565	31.952	0.112	0.93	30000.0
97	136.582	34.765	34.318	30.687	0.133	0.924	20000.0
98	136.63	34.38	35.471	31.506	0.125	0.922	20000.0
99	134.643	33.462	36.46	30.653	0.121	0.929	20000.0
100	140.989	34.879	38.106	33.19	0.128	0.915	20000.0
101	135.102	33.143	35.874	30.793	0.123	0.924	20000.0
102	142.195	34.725	39.334	32.844	0.125	0.922	20000.0
103	134.804	34.069	34.349	31.017	0.119	0.926	20000.0
104	144.894	35.447	39.364	32.911	0.123	0.918	20000.0
105	137.216	32.95	35.63	30.45	0.117	0.932	20000.0
106	135.469	32.933	36.643	31.175	0.116	0.93	20000.0
107	126.804	31.649	33.631	29.077	0.115	0.934	20000.0
108	135.92	33.158	36.231	30.5	0.115	0.933	20000.0
109	142.438	34.764	38.587	32.471	0.121	0.922	20000.0
110	138.165	33.552	36.413	30.717	0.122	0.933	20000.0
111	141.562	35.054	37.679	32.407	0.131	0.92	20000.0
112	139.593	34.227	37.256	32.704	0.121	0.919	20000.0
113	140.761	34.522	37.75	32.208	0.131	0.923	20000.0
114	134.29	32.607	36.927	30.618	0.112	0.929	20000.0
115	126.267	31.17	33.721	28.935	0.106	0.937	20000.0
116	137.727	33.525	36.789	31.007	0.117	0.93	20000.0
117	142.12	33.942	36.72	30.581	0.131	0.93	20000.0
118	136.31	32.524	35.138	28.617	0.114	0.945	20000.0
119	138.457	33.345	37.504	30.905	0.118	0.93	20000.0
120	134.89	31.965	35.509	29.88	0.104	0.934	20000.0
121	131.822	31.811	33.69	28.212	0.112	0.939	20000.0
122	141.261	33.984	37.651	31.666	0.117	0.926	20000.0
123	137.024	34.077	36.788	31.622	0.123	0.924	20000.0
124	133.364	31.389	35.476	29.801	0.107	0.937	20000.0
125	131.196	32.05	36.987	32.279	0.115	0.919	20000.0
126	134.493	32.432	33.438	28.484	0.11	0.942	20000.0
127	133.971	33.656	36.79	32.188	0.13	0.919	20000.0
128	124.781	29.258	33.166	26.978	0.091	0.949	20000.0
129	138.147	34.48	36.288	32.602	0.126	0.917	20000.0
130	137.665	34.501	36.361	31.557	0.121	0.923	30000.0
131	138.757	33.345	35.502	30.039	0.118	0.933	20000.0
132	134.197	32.164	35.713	29.707	0.114	0.935	20000.0
133	140.045	32.936	34.583	28.941	0.121	0.937	20000.0
134	143.563	35.434	37.391	32.198	0.12	0.925	20000.0
135	140.907	33.744	36.543	30.432	0.116	0.932	20000.0
136	134.34	34.158	36.136	31.769	0.121	0.924	20000.0
137	137.748	34.595	37.791	31.975	0.124	0.921	20000.0
138	135.76	34.525	35.295	31.635	0.127	0.917	20000.0
139	138.646	33.524	34.852	30.364	0.124	0.928	20000.0
140	135.951	33.081	36.057	30.618	0.115	0.932	20000.0
141	139.55	33.365	37.7	31.278	0.117	0.933	20000.0
142	140.665	35.087	37.835	32.483	0.123	0.922	20000.0
143	130.393	31.932	35.286	30.592	0.115	0.931	20000.0
144	142.332	34.922	39.038	33.045	0.125	0.919	20000.0
145	139.459	35.417	36.554	32.468	0.138	0.919	30000.0
146	143.698	34.847	38.611	32.427	0.131	0.924	20000.0
147	136.786	32.836	36.086	30.747	0.116	0.924	30000.0
148	135.585	33.669	35.711	31.026	0.119	0.927	20000.0
149	137.123	34.095	36.087	30.993	0.125	0.925	20000.0
150	140.892	34.856	36.85	32.132	0.121	0.923	20000.0
151	132.907	33.375	34.813	30.864	0.117	0.927	20000.0
152	134.8	33.321	36.356	31.122	0.117	0.928	20000.0
153	137.056	32.932	37.583	31.207	0.107	0.931	20000.0
154	135.873	33.375	37.589	31.811	0.116	0.926	20000.0
155	136.484	33.976	35.88	31.439	0.127	0.924	20000.0
156	144.933	34.063	41.04	33.454	0.117	0.919	20000.0
157	142.07	35.164	35.829	31.336	0.135	0.924	20000.0
158	141.46	34.151	38.885	32.22	0.117	0.928	20000.0
159	141.89	34.744	36.742	32.016	0.127	0.918	20000.0
160	140.906	33.146	37.292	30.393	0.114	0.933	20000.0
161	129.806	32.585	34.657	30.81	0.12	0.926	20000.0
162	125.567	31.197	32.932	28.582	0.113	0.94	20000.0
163	133.44	32.591	34.343	29.66	0.115	0.933	30000.0
164	140.911	34.713	36.461	32.027	0.125	0.919	20000.0
165	136.49	33.472	36.762	30.966	0.118	0.927	20000.0
166	131.586	31.824	35.325	29.897	0.106	0.933	20000.0
167	141.487	34.128	38.259	31.55	0.127	0.928	20000.0
168	133.85	32.928	34.368	29.66	0.111	0.936	20000.0
169	137.046	33.292	35.57	30.069	0.11	0.934	20000.0
170	137.426	32.886	35.37	29.621	0.121	0.932	20000.0
171	146.766	37.105	39.213	34.54	0.141	0.91	20000.0
172	139.831	33.115	37.389	30.634	0.11	0.929	20000.0
173	139.499	35.38	36.33	32.952	0.13	0.914	20000.0
174	140.31	33.411	36.632	31.329	0.117	0.929	20000.0
175	136.808	33.287	35.213	30.65	0.113	0.929	20000.0
176	146.97	35.502	40.465	33.969	0.127	0.917	20000.0
177	136.096	31.705	35.813	29.242	0.11	0.934	20000.0
178	146.964	35.638	40.099	33.579	0.126	0.92	20000.0
179	129.625	31.212	35.046	29.997	0.115	0.929	20000.0
180	138.773	33.221	35.499	29.829	0.118	0.932	20000.0
181	144.478	36.202	37.781	32.856	0.136	0.916	20000.0
182	141.482	33.381	38.035	31.777	0.119	0.927	20000.0
183	137.32	33.909	34.967	30.131	0.124	0.933	20000.0
184	138.086	33.838	38.689	32.403	0.119	0.923	30000.0
185	145.602	36.394	36.024	32.733	0.141	0.905	20000.0
186	135.419	33.601	37.873	31.747	0.118	0.924	20000.0
187	136.293	33.444	36.225	31.691	0.126	0.922	20000.0
188	141.317	33.544	36.097	30.354	0.114	0.936	20000.0
189	135.335	32.183	35.075	28.93	0.109	0.939	20000.0
190	134.678	32.654	37.249	31.145	0.11	0.931	20000.0
191	136.634	32.853	37.496	31.317	0.109	0.93	20000.0
192	130.149	32.182	36.525	31.763	0.113	0.924	20000.0
193	133.811	33.102	37.21	31.822	0.116	0.924	20000.0
194	139.062	33.669	37.738	32.598	0.117	0.919	20000.0
195	141.599	34.257	38.775	32.03	0.116	0.925	20000.0
196	137.646	33.219	36.968	30.558	0.121	0.928	30000.0
197	131.0	32.65	36.312	31.727	0.118	0.922	20000.0
198	138.667	34.116	36.77	31.887	0.117	0.921	20000.0
199	137.67	33.265	37.186	31.472	0.11	0.928	20000.0
200	136.91	33.405	36.115	30.404	0.124	0.932	20000.0
201	135.676	33.243	36.462	31.166	0.116	0.927	30000.0
202	137.366	33.697	37.429	31.094	0.117	0.93	20000.0
203	132.287	32.119	34.669	29.809	0.112	0.934	20000.0
204	139.813	31.781	37.065	29.475	0.106	0.938	20000.0
205	146.294	35.581	40.366	33.647	0.123	0.919	20000.0
206	136.065	32.147	34.557	29.257	0.11	0.941	30000.0
207	133.744	33.567	35.085	31.028	0.116	0.928	20000.0
208	140.087	34.112	36.626	31.402	0.123	0.925	20000.0
209	135.147	32.826	37.484	31.724	0.117	0.925	20000.0
210	135.063	33.218	35.126	31.034	0.12	0.926	20000.0
211	132.796	32.237	34.56	29.632	0.106	0.935	20000.0
212	137.808	32.91	38.392	32.13	0.112	0.926	20000.0
213	138.69	35.259	35.61	32.102	0.128	0.918	20000.0
214	126.633	31.506	32.44	28.784	0.108	0.937	20000.0
215	130.304	31.556	33.085	29.072	0.106	0.935	20000.0
216	136.128	33.073	36.278	30.321	0.119	0.931	20000.0
217	141.351	34.921	37.64	31.909	0.13	0.924	20000.0
218	153.983	37.509	42.773	36.244	0.138	0.903	20000.0
219	128.454	32.721	34.658	30.83	0.116	0.927	20000.0
220	141.836	35.033	36.679	32.114	0.127	0.923	20000.0
221	146.001	35.266	37.961	32.644	0.127	0.925	20000.0
222	135.637	34.467	36.869	32.611	0.127	0.919	20000.0
223	143.844	34.202	39.432	31.728	0.126	0.928	20000.0
224	137.807	34.548	38.379	33.151	0.128	0.914	20000.0
225	139.999	33.392	36.077	30.737	0.114	0.932	20000.0
226	131.495	32.182	35.834	29.874	0.111	0.935	20000.0
227	138.517	34.886	36.252	32.098	0.129	0.922	20000.0
228	130.608	33.023	35.11	30.892	0.109	0.93	20000.0
229	138.447	34.817	36.091	32.014	0.124	0.918	20000.0
230	147.328	36.456	37.983	33.848	0.127	0.914	20000.0
231	130.231	31.018	35.094	29.068	0.098	0.94	20000.0
232	137.682	33.458	35.711	30.365	0.112	0.933	20000.0
233	142.372	33.772	40.711	34.086	0.123	0.919	20000.0
234	136.309	33.088	35.781	30.11	0.116	0.934	20000.0
235	145.686	33.976	38.308	31.097	0.12	0.933	20000.0
236	142.581	35.93	37.101	33.071	0.127	0.914	20000.0
237	132.833	33.403	36.619	31.882	0.117	0.922	30000.0
238	131.05	33.205	32.441	28.809	0.116	0.937	20000.0
239	141.465	35.404	37.267	32.293	0.127	0.92	30000.0
240	128.728	30.792	35.149	29.521	0.097	0.939	20000.0
241	147.137	35.571	39.363	33.322	0.124	0.913	20000.0
242	131.686	33.223	34.391	30.593	0.113	0.931	20000.0
243	139.671	34.018	36.877	31.895	0.122	0.92	20000.0
244	139.62	32.549	36.529	29.611	0.111	0.936	20000.0
245	149.88	36.398	39.477	32.943	0.139	0.924	20000.0
246	143.568	34.758	36.609	32.326	0.119	0.923	20000.0
247	135.949	31.552	36.487	29.955	0.106	0.935	20000.0
248	129.979	32.116	33.26	28.684	0.104	0.939	20000.0
249	130.48	32.132	34.197	29.573	0.107	0.935	20000.0
250	142.74	34.849	40.026	33.691	0.118	0.919	20000.0
251	132.613	33.189	36.202	31.445	0.114	0.925	20000.0
252	138.838	33.947	36.127	31.293	0.118	0.928	20000.0
253	131.591	31.202	36.408	29.514	0.105	0.939	20000.0
254	132.55	31.783	34.95	29.331	0.111	0.939	20000.0
255	137.246	33.451	35.356	29.954	0.124	0.936	20000.0
256	137.754	33.3	37.342	31.932	0.111	0.923	20000.0
257	138.74	34.229	36.391	30.994	0.118	0.928	20000.0
258	132.551	33.983	35.27	31.347	0.12	0.921	20000.0
259	138.599	33.418	36.871	30.759	0.109	0.935	20000.0
260	141.717	33.792	37.792	31.486	0.118	0.928	20000.0
261	137.201	32.541	37.204	30.552	0.116	0.934	20000.0
262	135.663	33.036	38.386	32.251	0.111	0.923	20000.0
263	127.504	32.79	34.21	30.652	0.116	0.926	20000.0
264	134.363	31.497	33.423	28.17	0.11	0.94	20000.0
265	135.266	33.308	36.322	31.447	0.118	0.925	20000.0
266	135.601	33.595	35.532	31.092	0.121	0.926	20000.0
267	140.73	35.283	37.521	32.409	0.127	0.918	20000.0
268	133.134	32.047	36.767	30.498	0.112	0.926	20000.0
269	142.452	34.618	38.512	32.303	0.125	0.921	30000.0
270	135.275	32.539	36.942	30.731	0.112	0.928	20000.0
271	139.47	35.07	37.016	32.065	0.125	0.924	20000.0
272	135.83	32.884	36.923	31.094	0.112	0.932	20000.0
273	141.91	34.494	38.226	31.9	0.121	0.927	20000.0
274	145.927	35.44	39.114	32.32	0.126	0.926	20000.0
275	141.092	34.218	39.185	33.521	0.119	0.917	20000.0
276	133.765	33.792	39.055	33.341	0.123	0.917	20000.0
277	143.723	36.844	37.056	33.259	0.136	0.914	20000.0
278	133.638	33.858	35.077	31.067	0.127	0.927	20000.0
279	134.404	32.757	35.267	30.116	0.116	0.935	30000.0
280	133.964	33.773	34.593	31.486	0.124	0.924	20000.0
281	137.393	32.671	36.783	30.542	0.114	0.936	20000.0
282	133.78	32.59	35.081	29.965	0.11	0.932	20000.0
283	129.51	33.113	33.99	30.7	0.115	0.927	20000.0
284	141.303	35.606	37.167	33.375	0.126	0.915	20000.0
285	134.958	32.313	35.163	29.92	0.12	0.932	20000.0
286	137.216	33.418	37.677	31.226	0.112	0.929	20000.0
287	141.992	35.071	37.502	31.949	0.124	0.923	20000.0
288	135.616	33.591	36.937	32.495	0.12	0.921	30000.0
289	144.095	33.759	38.212	31.501	0.113	0.931	20000.0
290	135.183	33.018	36.751	30.592	0.117	0.933	20000.0
291	132.365	34.151	35.627	32.394	0.12	0.912	20000.0
292	141.098	34.921	36.79	32.101	0.124	0.919	20000.0
293	146.502	34.861	39.254	33.163	0.121	0.917	20000.0
294	139.506	34.171	36.694	32.136	0.126	0.921	20000.0
295	131.505	32.921	35.012	31.615	0.115	0.924	20000.0
296	137.327	33.934	36.906	32.038	0.122	0.922	20000.0
297	141.362	35.065	37.154	32.327	0.119	0.922	20000.0
298	144.732	35.025	39.581	33.07	0.127	0.922	20000.0
299	141.132	33.552	38.899	31.871	0.112	0.928	20000.0
300	130.568	33.781	35.171	31.753	0.125	0.923	20000.0
301	134.928	34.426	35.996	32.363	0.125	0.917	20000.0
302	128.957	31.218	35.563	30.393	0.109	0.934	20000.0
303	135.292	30.892	36.301	29.074	0.104	0.941	20000.0
304	137.27	32.262	35.739	28.902	0.111	0.941	20000.0
305	135.6	33.593	36.311	31.441	0.114	0.928	20000.0
306	127.189	32.11	36.613	32.116	0.11	0.92	20000.0
307	135.153	32.76	36.429	29.946	0.118	0.936	20000.0
308	148.886	36.632	40.151	34.558	0.134	0.909	20000.0
309	134.821	33.427	36.334	32.114	0.115	0.921	30000.0
310	130.867	32.649	34.793	30.3	0.113	0.927	20000.0
311	129.369	31.756	33.642	28.904	0.108	0.936	20000.0
312	142.675	34.876	37.64	32.832	0.118	0.919	20000.0
313	128.491	31.731	34.265	30.007	0.109	0.93	30000.0
314	131.725	33.165	33.77	30.318	0.117	0.928	20000.0
315	145.533	36.044	40.045	34.055	0.133	0.915	20000.0
316	125.797	29.846	34.344	28.36	0.096	0.941	20000.0
317	127.886	31.974	35.013	30.119	0.109	0.93	20000.0
318	143.168	34.749	37.796	32.125	0.122	0.924	20000.0
319	145.599	34.987	39.033	32.822	0.122	0.921	20000.0
320	139.982	33.042	36.051	29.287	0.116	0.942	20000.0
321	140.369	33.539	38.569	32.288	0.126	0.922	20000.0
322	132.87	32.895	35.845	30.74	0.114	0.93	20000.0
323	146.095	33.411	39.201	31.213	0.111	0.933	20000.0
324	137.087	34.208	36.494	32.131	0.121	0.922	20000.0
325	137.708	33.184	36.321	30.832	0.116	0.93	30000.0
326	129.023	29.859	34.43	27.645	0.096	0.947	20000.0
327	141.814	33.828	36.771	30.669	0.119	0.935	20000.0
328	138.483	33.932	37.38	31.434	0.125	0.926	20000.0
329	148.913	35.338	40.503	33.669	0.117	0.919	30000.0
330	141.189	35.611	36.697	32.525	0.123	0.92	20000.0
331	139.267	32.999	36.713	30.775	0.116	0.93	20000.0
332	135.673	32.015	34.921	29.076	0.104	0.939	20000.0
333	148.265	35.688	36.819	31.562	0.127	0.927	20000.0
334	142.766	34.334	40.178	32.509	0.124	0.928	20000.0
335	136.042	34.268	35.957	31.812	0.118	0.925	20000.0
336	138.639	34.33	37.684	32.733	0.123	0.919	20000.0
337	140.645	34.82	37.116	32.115	0.125	0.923	20000.0
338	136.872	30.597	38.163	30.344	0.099	0.937	20000.0
339	129.065	32.118	34.822	30.355	0.105	0.931	20000.0
340	143.235	34.16	41.076	33.139	0.123	0.922	20000.0
341	139.281	32.881	38.197	32.028	0.111	0.927	20000.0
342	138.698	34.296	36.985	31.869	0.119	0.926	20000.0
343	131.957	31.974	34.713	29.073	0.109	0.939	20000.0
344	133.568	32.538	36.119	30.221	0.107	0.936	20000.0
345	127.465	32.577	34.033	29.717	0.12	0.934	20000.0
346	131.828	32.466	36.637	31.263	0.108	0.923	20000.0
347	148.237	35.737	40.319	33.511	0.129	0.917	20000.0
348	139.011	33.333	36.58	31.275	0.113	0.926	20000.0
349	152.716	37.719	38.841	34.17	0.142	0.909	20000.0
350	135.001	32.446	36.633	30.63	0.107	0.93	20000.0
351	134.695	33.256	35.839	30.705	0.116	0.928	20000.0
352	144.685	36.354	38.029	33.723	0.135	0.911	20000.0
353	140.94	34.425	36.762	31.724	0.116	0.921	20000.0
354	132.525	32.208	36.576	30.899	0.113	0.931	20000.0
355	133.723	31.633	35.92	30.0	0.105	0.932	20000.0
356	135.986	32.038	36.724	30.104	0.113	0.936	30000.0
357	126.157	31.159	32.176	28.331	0.113	0.936	20000.0
358	137.307	34.413	35.452	30.853	0.123	0.929	20000.0
359	134.847	33.612	34.985	30.751	0.115	0.926	20000.0
360	145.819	35.928	38.158	33.067	0.128	0.922	30000.0
361	147.137	34.14	39.961	31.481	0.113	0.933	20000.0
362	137.205	32.448	36.185	30.573	0.112	0.93	20000.0
363	132.237	33.318	34.343	30.588	0.119	0.927	20000.0
364	130.512	30.598	34.409	28.672	0.101	0.941	20000.0
365	138.653	34.034	35.623	30.847	0.124	0.931	20000.0
366	131.862	31.509	35.166	29.324	0.106	0.938	20000.0
367	138.572	33.913	37.114	31.466	0.119	0.93	20000.0
368	130.328	33.352	36.3	30.997	0.116	0.928	20000.0
369	146.215	36.952	38.803	34.382	0.131	0.909	20000.0
370	141.837	35.136	38.881	33.612	0.13	0.915	20000.0
371	135.392	32.851	37.019	31.72	0.103	0.927	20000.0
372	134.219	33.63	37.219	31.836	0.125	0.926	20000.0
373	144.898	36.024	39.492	33.992	0.133	0.915	20000.0
374	130.951	33.474	36.593	32.279	0.123	0.921	20000.0
375	140.55	34.315	36.326	30.72	0.122	0.93	20000.0
376	137.111	32.781	35.932	30.301	0.113	0.931	20000.0
377	140.728	34.501	37.557	31.658	0.118	0.926	20000.0
378	140.427	33.918	37.692	31.39	0.12	0.93	20000.0
379	136.185	33.075	36.278	31.081	0.116	0.929	20000.0
380	128.55	31.211	35.543	30.181	0.104	0.933	30000.0
381	139.833	33.85	38.883	32.488	0.117	0.923	20000.0
382	149.538	37.466	39.817	33.52	0.148	0.915	20000.0
383	134.523	32.922	36.864	30.702	0.113	0.933	20000.0
384	136.443	33.074	35.405	30.241	0.107	0.932	20000.0
385	132.47	32.425	34.319	29.414	0.109	0.935	20000.0
386	138.478	32.405	38.101	30.954	0.109	0.93	20000.0
387	154.575	37.284	42.73	35.539	0.137	0.907	20000.0
388	140.023	36.107	34.895	32.294	0.135	0.918	20000.0
389	136.701	34.56	39.147	33.842	0.124	0.914	20000.0
390	136.172	34.019	36.57	32.041	0.119	0.924	20000.0
391	133.749	31.998	35.42	29.606	0.118	0.937	20000.0
392	143.008	36.701	37.768	33.715	0.135	0.91	20000.0
393	138.802	32.521	37.682	29.756	0.111	0.937	20000.0
394	143.119	34.66	38.202	32.337	0.118	0.921	20000.0
395	145.25	36.289	40.191	34.481	0.136	0.91	20000.0
396	138.985	32.734	36.478	30.157	0.117	0.935	20000.0
397	141.726	34.093	38.341	31.597	0.119	0.925	20000.0
398	145.385	35.27	39.054	32.89	0.125	0.918	20000.0
399	133.254	32.703	35.85	30.836	0.122	0.926	30000.0
400	140.219	34.854	37.521	32.366	0.125	0.922	20000.0
401	140.536	33.739	39.273	32.088	0.12	0.924	20000.0
402	133.147	33.239	34.906	30.888	0.111	0.927	20000.0
403	134.72	32.528	35.178	30.785	0.112	0.928	20000.0
404	134.976	33.639	36.449	32.344	0.118	0.921	20000.0
405	135.8	32.5	37.723	30.901	0.11	0.938	20000.0
406	127.367	30.928	34.769	29.378	0.105	0.935	20000.0
407	132.648	33.625	34.807	31.321	0.123	0.921	20000.0
408	144.926	34.771	39.244	33.114	0.118	0.918	30000.0
409	136.503	34.138	36.327	31.007	0.121	0.927	20000.0
410	139.097	32.648	37.296	30.133	0.111	0.936	20000.0
411	134.984	34.852	36.879	32.537	0.132	0.92	20000.0
412	136.658	33.59	36.457	31.306	0.114	0.928	20000.0
413	134.475	32.06	37.133	31.207	0.106	0.929	20000.0
414	135.922	32.275	37.188	30.441	0.11	0.934	20000.0
415	150.374	37.599	39.505	33.993	0.144	0.913	20000.0
416	139.589	34.594	37.831	33.006	0.119	0.92	20000.0
417	132.622	32.11	34.351	29.812	0.107	0.929	20000.0
418	134.691	33.633	35.047	31.568	0.125	0.924	20000.0
419	130.937	32.317	35.709	30.501	0.113	0.931	20000.0
420	138.295	32.812	37.584	30.767	0.117	0.933	20000.0
421	133.347	32.866	34.554	29.95	0.117	0.934	20000.0
422	134.713	31.956	35.744	29.78	0.102	0.937	20000.0
423	131.371	32.119	36.026	31.0	0.119	0.926	20000.0
424	133.203	31.91	35.316	29.137	0.112	0.94	20000.0
425	140.379	34.157	38.981	32.497	0.129	0.927	20000.0
426	140.099	33.36	38.665	31.073	0.116	0.933	20000.0
427	145.341	36.183	39.0	33.743	0.126	0.914	20000.0
428	136.5	33.122	36.538	30.665	0.107	0.932	20000.0
429	148.588	37.164	40.7	35.35	0.147	0.905	20000.0
430	129.112	32.743	34.919	30.99	0.113	0.928	20000.0
431	145.745	35.44	40.242	34.131	0.127	0.915	20000.0
432	131.011	32.863	35.629	31.33	0.113	0.929	20000.0
433	138.627	32.646	37.106	30.702	0.112	0.932	20000.0
434	132.037	33.169	35.69	31.116	0.117	0.929	20000.0
435	144.086	33.562	39.415	31.846	0.116	0.926	20000.0
436	138.972	32.557	35.448	30.709	0.116	0.93	20000.0
437	126.338	31.196	33.158	29.257	0.105	0.937	20000.0
438	141.814	33.546	38.558	31.453	0.116	0.931	20000.0
439	134.946	33.594	36.455	31.61	0.115	0.924	20000.0
440	135.185	33.561	36.369	31.508	0.114	0.924	20000.0
441	148.299	36.09	38.539	33.292	0.126	0.916	20000.0
442	139.7	33.302	37.656	31.761	0.123	0.923	20000.0
443	133.557	33.13	35.51	31.262	0.113	0.928	30000.0
444	144.668	36.354	38.379	33.448	0.139	0.914	20000.0
445	155.246	36.248	41.752	34.148	0.128	0.917	30000.0
446	131.644	32.947	35.243	31.501	0.121	0.921	20000.0
447	139.638	34.609	38.467	32.977	0.125	0.917	20000.0
448	137.495	32.915	35.687	30.932	0.116	0.926	20000.0
449	125.785	30.486	31.412	27.551	0.106	0.946	20000.0
450	143.638	35.274	37.958	32.993	0.131	0.919	20000.0
451	138.934	33.91	36.079	30.41	0.115	0.932	30000.0
452	131.823	33.021	34.781	30.347	0.116	0.931	20000.0
453	146.526	35.676	38.773	33.303	0.124	0.919	30000.0
454	139.45	34.96	35.943	32.049	0.13	0.923	20000.0
455	138.563	33.373	39.237	31.73	0.113	0.929	20000.0
456	132.397	31.325	34.525	28.845	0.101	0.941	30000.0
457	138.882	33.281	37.893	31.5	0.117	0.928	30000.0
458	152.824	35.293	40.596	33.287	0.119	0.921	20000.0
459	141.104	34.165	38.231	32.538	0.12	0.92	20000.0
460	131.494	32.608	35.584	30.927	0.108	0.926	20000.0
461	134.539	32.743	36.3	30.72	0.11	0.932	20000.0
462	134.25	33.623	36.205	31.202	0.111	0.928	20000.0
463	133.772	35.126	34.535	31.166	0.126	0.926	20000.0
464	134.177	33.353	35.594	30.558	0.115	0.931	20000.0
465	134.257	33.3	37.239	31.719	0.118	0.926	20000.0
466	143.983	35.128	40.663	33.715	0.126	0.918	20000.0
467	144.453	35.9	39.772	34.133	0.127	0.911	20000.0
468	140.415	35.505	39.164	33.909	0.127	0.917	20000.0
469	133.761	32.596	37.13	31.931	0.122	0.922	20000.0
470	138.988	34.058	37.665	32.247	0.123	0.925	30000.0
471	141.518	33.896	36.922	30.825	0.121	0.932	20000.0
472	148.273	35.101	39.981	32.39	0.12	0.923	20000.0
473	133.032	32.182	35.071	29.471	0.106	0.941	20000.0
474	143.115	34.543	39.933	33.09	0.115	0.925	20000.0
475	137.389	33.479	37.252	31.674	0.109	0.927	20000.0
476	143.386	34.879	37.352	32.217	0.115	0.926	20000.0
477	140.691	33.237	37.409	30.907	0.116	0.934	20000.0
478	142.698	33.71	39.574	32.332	0.115	0.924	20000.0
479	143.695	33.691	39.019	31.724	0.118	0.93	20000.0
480	145.135	35.122	38.587	32.902	0.124	0.92	20000.0
481	135.598	32.182	37.404	30.23	0.104	0.935	20000.0
482	131.497	32.107	34.399	29.098	0.104	0.94	20000.0
483	131.207	31.757	34.39	29.659	0.111	0.937	20000.0
484	149.64	36.955	39.268	33.456	0.137	0.914	20000.0
485	134.983	33.832	37.085	32.285	0.123	0.923	20000.0
486	136.977	32.962	37.164	31.44	0.119	0.926	20000.0
487	149.547	36.037	39.422	32.362	0.13	0.924	30000.0
488	130.801	33.923	32.594	29.685	0.119	0.931	20000.0
489	144.158	36.191	36.804	32.483	0.132	0.922	20000.0
490	131.739	31.767	35.895	30.446	0.107	0.932	20000.0
491	126.818	30.304	34.026	28.646	0.1	0.941	20000.0
492	141.021	34.511	36.164	30.792	0.125	0.933	20000.0
493	131.96	33.14	36.432	31.504	0.121	0.924	20000.0
494	140.928	35.225	36.347	32.452	0.129	0.918	20000.0
495	139.93	32.691	38.927	30.678	0.117	0.933	20000.0
496	143.06	34.742	39.187	33.296	0.126	0.916	20000.0
497	142.16	35.594	38.664	34.398	0.127	0.907	20000.0
498	132.39	33.588	35.147	31.103	0.125	0.923	20000.0
499	136.273	32.869	37.47	31.556	0.114	0.925	20000.0
500	139.68	33.848	37.656	31.517	0.119	0.927	20000.0
