NMF_Replicate	L1	L1 %	L2	L2 %	KL Divergence	Correlation	Convergence Iterations
1	100.423	26.832	24.891	24.09	0.087	0.952	20000.0
2	92.353	24.187	22.616	20.89	0.073	0.966	20000.0
3	95.163	24.892	23.178	22.393	0.084	0.958	20000.0
4	112.305	29.749	30.589	27.333	0.096	0.943	20000.0
5	99.963	27.241	26.027	24.223	0.085	0.953	20000.0
6	97.545	26.716	25.863	24.261	0.084	0.953	20000.0
7	98.66	27.065	25.931	24.383	0.082	0.952	20000.0
8	85.027	22.717	22.35	20.341	0.073	0.969	20000.0
9	102.476	28.21	25.556	24.402	0.089	0.952	20000.0
10	97.237	24.567	25.264	22.092	0.075	0.965	20000.0
11	94.932	26.302	23.809	23.962	0.085	0.951	30000.0
12	88.619	23.269	22.474	19.954	0.069	0.97	20000.0
13	91.478	24.804	24.487	22.959	0.077	0.958	20000.0
14	106.685	28.399	27.347	24.61	0.093	0.956	20000.0
15	94.266	25.432	25.121	22.933	0.077	0.959	20000.0
16	99.528	26.809	25.575	23.927	0.08	0.955	20000.0
17	105.593	28.734	27.144	25.883	0.094	0.945	20000.0
18	89.2	24.504	20.706	20.625	0.077	0.964	20000.0
19	92.68	24.858	24.365	22.104	0.077	0.963	20000.0
20	92.765	24.157	25.646	22.157	0.071	0.964	20000.0
21	98.436	26.263	26.563	24.514	0.084	0.95	20000.0
22	103.012	27.526	25.933	24.508	0.078	0.953	20000.0
23	96.819	24.846	25.646	22.333	0.082	0.963	20000.0
24	93.084	25.589	23.472	22.994	0.081	0.953	20000.0
25	98.382	24.381	25.579	21.693	0.074	0.966	20000.0
26	84.237	23.656	21.486	20.875	0.077	0.964	20000.0
27	95.28	24.955	27.073	23.384	0.078	0.962	20000.0
28	93.511	24.801	25.323	23.689	0.083	0.955	20000.0
29	100.802	25.139	25.566	22.217	0.071	0.964	20000.0
30	87.171	24.445	22.147	21.201	0.079	0.963	20000.0
31	96.86	24.18	25.157	20.992	0.074	0.97	20000.0
32	92.754	26.571	23.262	22.846	0.087	0.956	20000.0
33	92.499	24.758	23.791	23.046	0.086	0.957	20000.0
34	99.668	26.733	25.645	23.769	0.087	0.954	20000.0
35	94.425	25.329	23.268	22.347	0.081	0.959	20000.0
36	87.132	23.827	21.842	20.872	0.074	0.963	20000.0
37	92.496	25.477	23.681	23.185	0.077	0.957	20000.0
38	101.277	25.519	27.606	23.535	0.076	0.96	20000.0
39	101.578	25.84	26.083	23.425	0.081	0.956	20000.0
40	99.706	27.287	28.59	26.322	0.085	0.944	20000.0
41	93.808	26.504	26.351	24.96	0.082	0.95	20000.0
42	96.466	25.579	25.19	24.038	0.083	0.953	20000.0
43	106.403	27.853	28.573	25.721	0.09	0.949	20000.0
44	105.958	29.513	27.182	25.917	0.103	0.946	20000.0
45	97.092	26.121	25.263	24.276	0.077	0.952	20000.0
46	104.759	26.393	27.397	24.476	0.079	0.954	20000.0
47	104.177	28.074	28.26	25.405	0.091	0.948	20000.0
48	87.253	24.325	23.385	22.25	0.076	0.959	20000.0
49	90.533	25.35	23.919	22.863	0.081	0.957	20000.0
50	96.273	26.572	25.436	24.386	0.084	0.95	20000.0
51	107.799	29.022	28.545	26.836	0.094	0.945	20000.0
52	96.573	23.726	25.968	21.446	0.071	0.967	20000.0
53	95.55	25.724	23.728	22.149	0.084	0.962	20000.0
54	86.801	24.518	22.204	21.338	0.076	0.962	30000.0
55	107.952	29.722	27.016	26.014	0.095	0.945	20000.0
56	98.843	25.692	25.827	23.171	0.079	0.958	20000.0
57	85.22	22.221	22.808	19.789	0.067	0.972	20000.0
58	106.972	29.075	29.177	27.101	0.094	0.942	20000.0
59	87.839	24.28	22.509	20.652	0.079	0.968	20000.0
60	93.181	25.783	24.976	23.826	0.083	0.955	20000.0
61	88.289	23.6	22.929	21.436	0.071	0.964	20000.0
62	88.99	23.155	23.506	21.242	0.072	0.965	20000.0
63	98.991	26.467	24.86	23.819	0.079	0.953	20000.0
64	101.546	26.278	25.008	23.741	0.08	0.955	30000.0
65	97.079	25.998	26.858	23.567	0.075	0.959	20000.0
66	96.708	27.254	24.207	23.999	0.089	0.95	20000.0
67	97.715	25.574	26.048	22.971	0.072	0.961	20000.0
68	91.0	25.747	23.182	23.503	0.08	0.95	20000.0
69	104.356	28.022	27.781	25.508	0.095	0.95	20000.0
70	98.037	26.07	23.957	22.342	0.081	0.958	20000.0
71	104.971	27.43	27.974	24.733	0.08	0.953	20000.0
72	100.303	26.528	27.307	24.636	0.089	0.953	20000.0
73	94.251	25.458	24.665	23.137	0.083	0.956	20000.0
74	93.572	24.852	26.286	23.032	0.073	0.961	20000.0
75	98.065	25.437	26.112	23.138	0.079	0.959	20000.0
76	97.3	23.728	26.616	21.515	0.072	0.968	20000.0
77	83.645	22.657	21.292	19.496	0.074	0.97	20000.0
78	94.725	24.64	25.624	22.649	0.078	0.962	20000.0
79	90.392	24.117	23.958	22.202	0.071	0.964	20000.0
80	96.825	24.965	24.972	22.369	0.072	0.961	20000.0
81	99.865	25.936	24.974	22.933	0.082	0.959	20000.0
82	90.679	23.881	23.475	21.757	0.072	0.963	20000.0
83	103.138	27.019	27.298	24.762	0.083	0.952	20000.0
84	87.644	23.3	21.43	20.972	0.075	0.963	20000.0
85	97.948	26.75	26.439	25.281	0.085	0.947	20000.0
86	97.882	25.986	25.084	22.628	0.078	0.959	20000.0
87	94.627	25.881	25.875	23.269	0.082	0.96	20000.0
88	106.972	26.452	29.531	23.668	0.078	0.964	20000.0
89	97.234	25.875	26.176	23.849	0.079	0.957	20000.0
90	97.314	27.506	25.992	25.856	0.087	0.941	20000.0
91	103.342	28.101	26.749	25.514	0.088	0.947	20000.0
92	90.936	24.348	23.477	22.243	0.077	0.96	20000.0
93	104.42	26.868	28.011	24.929	0.077	0.953	20000.0
94	96.394	25.249	22.978	22.281	0.085	0.958	20000.0
95	96.477	24.467	24.45	21.637	0.071	0.965	20000.0
96	94.382	22.829	24.443	20.04	0.065	0.973	20000.0
97	93.984	26.102	24.701	23.58	0.082	0.954	20000.0
98	99.717	26.63	25.866	24.18	0.081	0.952	20000.0
99	91.895	25.471	23.001	22.382	0.079	0.956	20000.0
100	94.438	24.958	23.369	21.569	0.082	0.965	20000.0
101	90.297	23.334	22.784	20.296	0.074	0.969	20000.0
102	103.054	27.262	25.121	23.319	0.1	0.956	20000.0
103	108.242	27.333	28.99	25.652	0.085	0.952	20000.0
104	91.329	23.666	22.328	20.174	0.074	0.969	20000.0
105	90.036	24.254	23.322	22.294	0.076	0.959	20000.0
106	91.244	25.618	22.555	22.466	0.081	0.958	20000.0
107	100.577	25.987	27.19	24.315	0.078	0.954	20000.0
108	97.942	25.281	26.43	23.726	0.079	0.957	20000.0
109	89.16	24.341	22.647	21.627	0.072	0.96	20000.0
110	88.736	22.948	24.442	21.632	0.064	0.963	20000.0
111	91.021	25.503	24.892	23.735	0.084	0.954	20000.0
112	91.226	24.488	24.192	21.785	0.076	0.963	20000.0
113	89.045	25.311	22.139	22.033	0.084	0.959	20000.0
114	99.922	27.42	26.719	25.035	0.087	0.95	20000.0
115	92.041	26.106	22.749	22.667	0.082	0.957	20000.0
116	85.613	25.088	22.656	23.309	0.083	0.951	20000.0
117	99.536	25.573	27.447	23.346	0.076	0.96	20000.0
118	98.742	25.728	25.747	23.335	0.084	0.959	20000.0
119	86.023	25.14	21.659	21.794	0.08	0.96	30000.0
120	93.352	25.279	25.904	23.852	0.077	0.954	20000.0
121	103.97	27.407	26.467	24.0	0.084	0.956	30000.0
122	96.594	26.423	24.5	24.212	0.085	0.949	30000.0
123	104.095	27.56	27.465	24.926	0.093	0.953	20000.0
124	90.75	24.004	24.181	21.819	0.07	0.964	20000.0
125	96.163	26.537	24.312	23.349	0.083	0.957	20000.0
126	93.12	24.88	23.66	22.171	0.081	0.96	20000.0
127	96.445	25.374	25.092	23.108	0.077	0.958	30000.0
128	99.941	26.591	27.174	24.11	0.088	0.956	20000.0
129	93.051	25.136	23.376	21.632	0.081	0.963	20000.0
130	89.22	25.448	22.472	22.409	0.084	0.954	20000.0
131	97.016	26.339	26.623	24.624	0.084	0.951	20000.0
132	85.061	23.025	21.26	20.084	0.067	0.966	20000.0
133	106.075	26.386	27.021	24.008	0.082	0.957	20000.0
134	89.195	24.772	21.725	20.944	0.071	0.963	20000.0
135	96.131	25.43	23.389	21.989	0.075	0.959	30000.0
136	90.959	23.841	24.276	21.909	0.073	0.962	20000.0
137	95.56	25.817	26.91	25.146	0.081	0.949	20000.0
138	96.717	26.72	23.318	23.911	0.087	0.948	20000.0
139	101.742	27.82	28.14	25.806	0.093	0.949	20000.0
140	98.718	25.705	24.976	22.207	0.08	0.962	20000.0
141	97.086	27.106	25.431	24.083	0.088	0.954	20000.0
142	93.789	24.637	22.107	21.344	0.078	0.962	20000.0
143	99.488	27.325	27.586	24.916	0.084	0.952	20000.0
144	94.191	26.203	25.463	23.974	0.086	0.955	20000.0
145	89.318	24.547	23.271	22.233	0.079	0.961	20000.0
146	95.594	26.607	24.566	22.989	0.081	0.958	20000.0
147	88.225	23.367	22.308	20.283	0.075	0.968	20000.0
148	97.208	26.855	26.668	24.983	0.084	0.95	20000.0
149	100.91	26.852	24.892	23.207	0.086	0.957	20000.0
150	96.264	24.983	25.515	22.923	0.081	0.959	20000.0
151	88.111	23.478	23.035	20.711	0.072	0.967	20000.0
152	92.548	25.692	24.125	23.25	0.081	0.957	30000.0
153	94.189	26.891	24.911	24.674	0.088	0.95	20000.0
154	98.337	27.262	25.388	23.829	0.085	0.955	20000.0
155	96.818	26.81	25.392	24.831	0.083	0.948	20000.0
156	88.027	25.083	22.746	21.964	0.077	0.96	20000.0
157	87.631	23.432	22.514	20.694	0.075	0.966	20000.0
158	95.228	25.904	24.902	24.094	0.084	0.95	20000.0
159	98.974	24.981	26.4	23.042	0.071	0.959	20000.0
160	90.822	23.752	21.883	20.035	0.072	0.968	20000.0
161	110.79	28.731	29.356	25.35	0.094	0.953	20000.0
162	94.931	23.77	24.216	21.151	0.071	0.965	20000.0
163	100.826	26.747	25.846	23.649	0.086	0.956	20000.0
164	109.202	26.705	28.071	23.848	0.08	0.959	20000.0
165	102.987	27.722	28.347	25.743	0.093	0.949	20000.0
166	97.205	25.37	26.02	23.068	0.08	0.96	20000.0
167	103.687	27.643	27.353	25.562	0.083	0.946	40000.0
168	94.587	25.356	26.187	23.223	0.076	0.959	20000.0
169	87.226	24.298	23.869	22.334	0.072	0.959	20000.0
170	92.782	24.323	24.668	22.098	0.069	0.964	20000.0
171	106.955	27.596	27.799	24.954	0.085	0.954	20000.0
172	87.081	23.449	22.441	21.041	0.071	0.964	20000.0
173	86.821	23.242	22.183	20.475	0.069	0.968	20000.0
174	86.381	24.068	22.033	21.317	0.075	0.961	20000.0
175	98.863	27.53	24.73	24.052	0.089	0.951	20000.0
176	89.655	23.662	21.778	20.267	0.073	0.968	20000.0
177	95.696	25.173	25.052	21.931	0.077	0.966	20000.0
178	90.026	23.192	22.613	20.229	0.072	0.969	20000.0
179	86.865	22.936	21.791	19.859	0.074	0.969	20000.0
180	99.578	25.145	26.203	22.523	0.071	0.963	20000.0
181	96.241	25.022	23.514	21.264	0.078	0.966	20000.0
182	91.444	25.078	22.207	21.676	0.078	0.96	20000.0
183	88.674	23.79	22.47	21.085	0.082	0.964	20000.0
184	94.92	25.836	24.541	24.099	0.08	0.95	20000.0
185	101.812	26.184	26.018	23.971	0.079	0.954	20000.0
186	98.027	27.3	24.717	24.064	0.096	0.953	20000.0
187	89.16	24.844	23.522	23.662	0.078	0.952	20000.0
188	88.907	23.199	23.136	20.796	0.07	0.967	20000.0
189	104.16	28.422	25.786	25.268	0.096	0.944	20000.0
190	101.995	25.849	28.881	25.761	0.076	0.95	20000.0
191	97.161	23.814	25.409	21.999	0.069	0.963	20000.0
192	110.383	28.431	29.887	25.662	0.093	0.953	20000.0
193	96.636	23.6	24.319	21.169	0.071	0.968	30000.0
194	94.981	26.384	23.578	23.62	0.082	0.952	30000.0
195	98.681	25.72	26.653	23.889	0.084	0.956	20000.0
196	101.618	25.762	27.396	23.042	0.081	0.963	20000.0
197	91.362	24.97	23.776	22.727	0.083	0.956	20000.0
198	100.223	26.656	25.889	23.616	0.087	0.958	20000.0
199	91.655	25.714	24.432	24.046	0.08	0.95	20000.0
200	99.951	26.575	26.308	24.071	0.085	0.955	20000.0
201	94.667	26.2	25.071	24.153	0.087	0.952	20000.0
202	95.87	24.839	25.63	22.578	0.079	0.963	20000.0
203	90.914	23.74	23.36	21.207	0.069	0.964	20000.0
204	97.617	24.996	26.318	22.623	0.08	0.964	20000.0
205	98.051	25.396	26.28	23.336	0.085	0.957	30000.0
206	104.407	27.871	26.491	23.914	0.092	0.955	20000.0
207	95.645	25.128	24.357	21.881	0.078	0.963	30000.0
208	91.14	24.579	25.255	23.378	0.072	0.957	20000.0
209	94.802	24.164	24.049	21.247	0.069	0.966	20000.0
210	105.86	26.854	27.018	24.38	0.084	0.954	20000.0
211	96.07	26.152	24.122	22.992	0.084	0.957	30000.0
212	106.244	29.274	28.059	26.035	0.096	0.945	20000.0
213	99.471	28.759	26.394	25.682	0.1	0.946	20000.0
214	94.664	25.506	24.231	22.988	0.087	0.955	20000.0
215	96.776	25.345	24.47	22.269	0.079	0.962	30000.0
216	103.852	26.683	27.883	23.947	0.087	0.958	20000.0
217	98.51	26.738	25.037	24.19	0.081	0.951	20000.0
218	95.517	25.025	24.709	22.432	0.084	0.961	20000.0
219	89.94	24.21	22.884	21.97	0.079	0.96	20000.0
220	83.175	22.507	20.888	20.007	0.07	0.969	20000.0
221	117.002	29.221	31.582	26.167	0.093	0.953	30000.0
222	96.235	24.717	25.038	22.116	0.076	0.964	30000.0
223	93.056	25.676	24.534	23.601	0.076	0.954	20000.0
224	97.584	25.367	25.113	23.065	0.082	0.957	20000.0
225	105.807	27.625	28.728	25.145	0.09	0.953	20000.0
226	87.055	23.957	21.474	21.183	0.069	0.962	20000.0
227	94.144	24.926	22.395	21.902	0.085	0.959	20000.0
228	97.984	26.352	24.753	23.245	0.082	0.956	20000.0
229	102.553	28.695	26.141	25.163	0.086	0.948	20000.0
230	97.64	26.771	24.074	23.248	0.08	0.957	20000.0
231	94.139	26.515	26.667	24.691	0.089	0.952	20000.0
232	92.368	25.736	22.267	22.102	0.077	0.959	20000.0
233	89.643	24.938	25.252	23.342	0.076	0.956	20000.0
234	105.182	28.385	27.039	24.433	0.093	0.955	20000.0
235	93.417	25.9	24.012	22.841	0.089	0.956	30000.0
236	103.786	28.149	27.771	26.389	0.092	0.941	20000.0
237	103.344	27.005	25.715	23.913	0.086	0.955	20000.0
238	98.22	27.198	25.796	23.713	0.095	0.954	20000.0
239	95.875	25.634	24.239	22.615	0.088	0.961	20000.0
240	104.44	27.046	28.284	26.151	0.079	0.945	20000.0
241	86.355	21.57	22.574	19.302	0.063	0.972	20000.0
242	93.643	25.868	24.232	23.337	0.082	0.954	20000.0
243	90.256	24.768	22.787	22.577	0.082	0.957	20000.0
244	92.717	26.667	23.742	23.463	0.087	0.955	20000.0
245	92.777	23.584	23.431	21.044	0.076	0.964	20000.0
246	90.493	25.441	23.068	23.455	0.079	0.951	20000.0
247	96.121	24.873	24.906	22.848	0.079	0.96	20000.0
248	96.337	25.313	24.119	22.063	0.084	0.963	20000.0
249	91.37	25.15	23.537	22.43	0.083	0.958	20000.0
250	101.835	26.193	27.763	23.815	0.082	0.96	20000.0
251	99.206	28.304	25.448	25.63	0.091	0.94	20000.0
252	104.387	27.741	26.357	25.0	0.088	0.949	20000.0
253	104.119	26.381	28.969	23.876	0.082	0.959	20000.0
254	91.663	24.921	22.825	21.61	0.083	0.963	20000.0
255	93.22	24.78	22.93	21.314	0.068	0.963	20000.0
256	94.248	24.49	25.474	22.949	0.073	0.959	20000.0
257	99.681	28.789	25.048	25.093	0.091	0.946	20000.0
258	97.426	26.245	25.984	23.36	0.079	0.959	20000.0
259	94.21	27.022	23.139	23.501	0.095	0.95	20000.0
260	96.085	26.141	24.324	22.72	0.086	0.959	20000.0
261	92.522	24.756	24.543	22.081	0.08	0.963	20000.0
262	98.691	26.997	27.971	25.654	0.082	0.951	20000.0
263	94.209	24.689	23.767	21.826	0.075	0.962	20000.0
264	97.441	26.14	25.844	23.44	0.078	0.958	20000.0
265	90.172	24.534	21.655	20.58	0.079	0.966	20000.0
266	89.767	24.92	23.253	22.562	0.077	0.958	20000.0
267	101.388	25.472	29.149	23.955	0.077	0.959	20000.0
268	95.788	24.843	24.99	22.889	0.075	0.959	20000.0
269	95.279	27.169	23.938	23.547	0.092	0.951	20000.0
270	79.135	21.469	18.431	18.058	0.063	0.972	20000.0
271	103.405	27.991	27.214	25.298	0.094	0.948	20000.0
272	106.338	26.691	27.156	22.718	0.085	0.964	20000.0
273	84.457	23.2	21.077	19.899	0.072	0.968	20000.0
274	89.996	24.224	21.711	21.419	0.076	0.962	20000.0
275	94.372	24.985	24.212	22.78	0.079	0.957	20000.0
276	91.025	25.039	24.038	22.928	0.08	0.955	20000.0
277	93.013	24.204	25.515	22.166	0.078	0.961	20000.0
278	101.772	26.232	24.865	23.161	0.087	0.959	20000.0
279	92.983	24.993	23.958	22.761	0.078	0.959	20000.0
280	96.192	25.72	24.261	22.471	0.078	0.96	20000.0
281	101.044	27.73	26.363	24.198	0.09	0.953	20000.0
282	101.374	26.219	26.364	23.652	0.079	0.957	20000.0
283	98.949	25.606	25.34	23.035	0.08	0.96	20000.0
284	94.469	25.83	24.542	23.109	0.087	0.957	20000.0
285	97.245	25.804	28.311	24.185	0.087	0.96	20000.0
286	97.419	26.834	24.12	23.417	0.082	0.954	20000.0
287	92.95	24.996	24.632	22.595	0.078	0.96	20000.0
288	87.107	23.14	22.883	21.87	0.077	0.961	20000.0
289	86.665	21.869	22.603	20.126	0.065	0.968	20000.0
290	102.23	27.104	25.724	23.936	0.081	0.954	20000.0
291	93.863	24.286	23.622	20.431	0.074	0.971	20000.0
292	92.606	26.838	23.3	23.363	0.095	0.954	20000.0
293	91.067	25.714	21.449	21.801	0.082	0.957	20000.0
294	94.79	23.755	26.096	21.814	0.085	0.966	30000.0
295	111.07	28.272	29.783	25.666	0.086	0.954	20000.0
296	88.324	23.191	22.454	19.735	0.073	0.97	30000.0
297	101.108	26.637	26.216	23.868	0.086	0.956	20000.0
298	93.907	25.872	25.015	24.263	0.089	0.95	20000.0
299	101.698	28.484	28.012	25.601	0.095	0.951	20000.0
300	97.74	26.551	24.79	23.797	0.084	0.956	30000.0
301	100.074	27.135	24.81	24.07	0.081	0.951	20000.0
302	96.85	25.932	25.352	23.83	0.081	0.956	20000.0
303	98.73	25.101	24.341	21.767	0.087	0.965	20000.0
304	99.02	26.827	25.89	24.428	0.088	0.951	20000.0
305	97.917	25.659	25.494	23.25	0.078	0.958	20000.0
306	89.65	23.328	23.715	20.832	0.071	0.969	20000.0
307	89.426	23.377	22.346	19.852	0.078	0.97	30000.0
308	89.95	23.504	23.228	20.555	0.069	0.968	20000.0
309	102.342	25.554	27.311	23.469	0.079	0.96	20000.0
310	95.107	24.867	24.395	21.355	0.079	0.967	20000.0
311	96.814	26.054	24.613	23.505	0.081	0.955	20000.0
312	104.925	26.582	27.82	24.497	0.085	0.952	20000.0
313	92.157	26.387	23.733	24.148	0.088	0.947	20000.0
314	95.917	24.97	25.116	22.411	0.072	0.963	20000.0
315	102.007	28.397	26.002	24.928	0.092	0.949	20000.0
316	94.976	24.419	24.33	21.959	0.076	0.963	20000.0
317	89.051	23.74	22.246	21.045	0.068	0.965	20000.0
318	94.388	25.254	25.293	23.669	0.083	0.957	20000.0
319	106.1	26.808	27.629	24.035	0.084	0.96	20000.0
320	91.646	24.289	22.392	21.467	0.076	0.963	20000.0
321	91.746	24.888	25.325	23.141	0.073	0.959	20000.0
322	92.49	24.556	23.599	22.267	0.074	0.961	20000.0
323	93.3	23.795	23.896	20.685	0.073	0.968	20000.0
324	95.674	24.874	25.57	23.022	0.076	0.959	20000.0
325	90.76	25.172	24.219	22.892	0.081	0.955	30000.0
326	102.305	26.792	27.113	24.464	0.083	0.954	20000.0
327	100.262	26.273	26.069	23.267	0.081	0.958	20000.0
328	84.398	22.975	21.305	20.829	0.072	0.961	20000.0
329	91.848	24.217	22.934	21.339	0.086	0.962	20000.0
330	96.988	26.873	23.567	23.241	0.093	0.954	20000.0
331	98.406	25.724	25.825	23.393	0.08	0.959	20000.0
332	101.049	27.414	28.857	25.828	0.088	0.949	20000.0
333	93.329	23.388	24.19	21.278	0.073	0.966	20000.0
334	97.634	25.221	25.08	22.024	0.084	0.964	20000.0
335	90.52	25.44	23.192	22.921	0.086	0.955	20000.0
336	101.171	28.238	27.614	26.238	0.094	0.941	20000.0
337	100.045	26.467	26.478	24.447	0.088	0.952	30000.0
338	91.259	24.919	23.276	21.709	0.084	0.963	20000.0
339	102.986	27.989	30.166	27.054	0.09	0.939	20000.0
340	95.423	25.248	24.993	23.77	0.084	0.952	20000.0
341	82.372	21.402	20.696	18.988	0.068	0.97	20000.0
342	95.054	25.565	23.424	22.144	0.089	0.96	20000.0
343	94.322	25.001	24.148	22.968	0.082	0.956	20000.0
344	99.102	25.775	26.895	23.401	0.085	0.958	20000.0
345	101.246	26.429	25.51	23.326	0.082	0.954	20000.0
346	90.881	24.137	23.533	21.468	0.073	0.963	20000.0
347	97.66	26.419	24.069	23.193	0.086	0.956	20000.0
348	96.827	26.952	24.633	24.019	0.082	0.952	30000.0
349	94.871	25.771	25.663	23.482	0.074	0.96	20000.0
350	92.696	24.12	23.277	20.909	0.078	0.968	20000.0
351	98.025	26.27	26.01	23.275	0.084	0.959	20000.0
352	103.55	27.021	26.843	24.196	0.085	0.955	20000.0
353	98.503	26.496	24.115	23.191	0.091	0.954	20000.0
354	96.115	24.964	25.262	22.423	0.084	0.963	20000.0
355	92.483	24.671	22.75	21.487	0.082	0.964	20000.0
356	103.866	25.86	26.485	22.945	0.076	0.962	20000.0
357	94.102	27.635	25.47	24.961	0.091	0.948	20000.0
358	98.454	26.66	24.894	22.941	0.09	0.96	20000.0
359	89.685	23.805	23.673	22.055	0.069	0.961	20000.0
360	100.123	25.323	28.05	24.629	0.075	0.954	20000.0
361	95.347	25.293	23.546	22.051	0.085	0.961	20000.0
362	89.3	23.323	23.539	20.818	0.077	0.967	20000.0
363	89.654	22.934	22.805	20.456	0.063	0.967	20000.0
364	96.482	25.682	24.101	22.422	0.076	0.96	20000.0
365	96.514	26.547	25.879	24.514	0.08	0.95	20000.0
366	98.424	25.353	23.805	21.704	0.081	0.963	20000.0
367	87.748	23.502	22.782	21.145	0.072	0.965	20000.0
368	95.009	25.774	24.591	22.653	0.082	0.959	20000.0
369	103.415	27.458	26.268	24.392	0.084	0.953	20000.0
370	101.318	26.18	26.291	23.305	0.084	0.961	20000.0
371	98.909	27.312	26.05	25.12	0.087	0.948	20000.0
372	95.78	26.188	25.512	24.079	0.079	0.952	20000.0
373	90.793	25.178	21.742	21.551	0.082	0.959	30000.0
374	93.785	24.155	23.983	21.192	0.069	0.966	20000.0
375	92.013	23.49	25.559	21.198	0.074	0.969	30000.0
376	100.386	24.379	26.406	22.433	0.074	0.963	20000.0
377	98.538	26.906	25.711	23.189	0.084	0.959	20000.0
378	105.263	26.255	27.231	23.108	0.08	0.961	20000.0
379	105.304	27.275	28.652	25.23	0.083	0.954	20000.0
380	92.877	24.585	23.643	22.42	0.08	0.96	20000.0
381	92.304	25.822	23.043	23.207	0.081	0.951	20000.0
382	95.825	25.268	25.709	23.969	0.086	0.954	20000.0
383	96.184	24.519	26.685	22.719	0.079	0.962	20000.0
384	92.035	25.661	24.408	23.073	0.089	0.956	20000.0
385	86.727	22.555	23.541	20.148	0.065	0.972	20000.0
386	97.188	25.964	25.334	23.416	0.079	0.958	30000.0
387	96.796	25.137	25.658	22.884	0.089	0.961	20000.0
388	95.86	24.682	23.15	21.164	0.068	0.966	20000.0
389	108.419	28.516	28.592	26.025	0.091	0.945	30000.0
390	91.771	22.905	23.736	19.992	0.07	0.972	20000.0
391	95.064	25.983	24.72	23.872	0.082	0.953	20000.0
392	93.837	26.413	24.4	24.066	0.082	0.949	30000.0
393	91.173	24.899	23.555	22.465	0.075	0.957	20000.0
394	97.003	26.721	23.362	22.277	0.098	0.961	20000.0
395	91.482	24.872	24.204	22.661	0.076	0.96	20000.0
396	93.989	25.631	23.486	22.245	0.083	0.959	20000.0
397	96.909	24.783	25.577	22.128	0.076	0.965	20000.0
398	96.828	26.393	24.666	24.266	0.086	0.949	20000.0
399	98.168	26.313	25.134	23.615	0.084	0.956	20000.0
400	108.49	27.847	27.966	24.254	0.091	0.957	20000.0
401	88.851	24.699	21.436	21.59	0.076	0.959	20000.0
402	95.728	24.965	24.067	22.117	0.076	0.961	20000.0
403	93.127	25.058	25.746	23.223	0.091	0.959	20000.0
404	96.122	24.477	26.421	22.293	0.077	0.963	20000.0
405	83.31	24.133	21.179	21.6	0.078	0.96	20000.0
406	90.819	24.553	22.991	21.294	0.081	0.962	20000.0
407	98.837	26.507	25.85	23.869	0.086	0.956	20000.0
408	101.819	24.978	26.815	22.695	0.072	0.962	20000.0
409	91.124	24.266	23.775	21.414	0.071	0.963	20000.0
410	99.335	28.122	24.016	23.868	0.094	0.951	20000.0
411	97.652	26.203	24.976	23.132	0.084	0.959	20000.0
412	101.973	26.332	26.141	23.515	0.083	0.959	20000.0
413	94.853	25.61	24.166	23.201	0.081	0.955	20000.0
414	101.087	26.359	25.378	23.284	0.079	0.959	20000.0
415	97.146	25.523	24.384	22.908	0.076	0.959	20000.0
416	90.722	24.068	21.911	20.679	0.075	0.964	20000.0
417	89.515	23.871	22.103	20.538	0.072	0.966	20000.0
418	92.57	24.594	24.868	22.606	0.078	0.96	20000.0
419	83.646	23.247	22.085	21.637	0.073	0.961	20000.0
420	94.699	26.38	22.752	22.261	0.083	0.959	20000.0
421	94.195	26.377	23.038	23.107	0.085	0.953	20000.0
422	93.822	25.86	24.023	23.161	0.08	0.955	20000.0
423	97.93	25.484	24.154	21.541	0.075	0.965	20000.0
424	83.604	23.468	19.904	20.248	0.08	0.962	20000.0
425	88.297	24.014	23.339	21.319	0.074	0.964	20000.0
426	91.947	26.579	22.941	23.623	0.084	0.949	20000.0
427	85.397	22.74	21.392	19.929	0.067	0.968	20000.0
428	98.247	24.61	25.938	22.071	0.076	0.967	20000.0
429	98.323	27.75	26.281	24.55	0.088	0.95	20000.0
430	97.782	25.991	24.304	22.929	0.084	0.957	20000.0
431	85.169	22.435	21.721	19.697	0.066	0.972	20000.0
432	105.938	26.715	26.49	23.142	0.082	0.96	20000.0
433	94.632	25.381	24.988	22.492	0.077	0.962	20000.0
434	96.254	25.106	25.96	24.005	0.079	0.952	20000.0
435	96.634	25.675	25.045	22.325	0.085	0.962	20000.0
436	90.866	24.948	22.538	22.193	0.086	0.957	20000.0
437	91.822	25.164	23.125	22.26	0.08	0.961	20000.0
438	94.399	25.699	24.509	22.266	0.082	0.961	20000.0
439	93.24	25.97	23.704	22.938	0.091	0.955	20000.0
440	98.327	26.542	26.416	24.351	0.088	0.952	20000.0
441	105.619	28.77	26.892	25.459	0.094	0.945	30000.0
442	100.185	27.678	28.425	26.085	0.095	0.948	20000.0
443	97.527	26.152	25.834	23.939	0.084	0.955	20000.0
444	103.056	27.881	27.917	25.409	0.088	0.95	20000.0
445	103.6	28.655	26.44	26.496	0.091	0.94	20000.0
446	95.788	25.796	25.124	23.56	0.083	0.957	20000.0
447	95.719	25.836	24.238	23.204	0.084	0.957	20000.0
448	103.735	28.343	30.257	27.279	0.085	0.945	20000.0
449	91.096	25.086	23.349	22.265	0.073	0.96	20000.0
450	99.825	25.372	24.722	22.528	0.076	0.96	20000.0
451	101.971	25.877	26.75	23.478	0.075	0.96	20000.0
452	101.841	27.69	25.947	24.863	0.097	0.946	20000.0
453	99.947	27.718	25.057	25.143	0.092	0.945	20000.0
454	91.341	25.176	22.936	22.843	0.08	0.953	20000.0
455	91.318	23.055	24.03	21.102	0.068	0.967	20000.0
456	88.869	23.75	22.635	21.534	0.069	0.962	20000.0
457	84.823	24.064	20.657	20.236	0.079	0.966	20000.0
458	97.951	25.809	25.327	23.397	0.085	0.957	20000.0
459	85.772	24.016	20.718	20.595	0.076	0.961	20000.0
460	91.981	24.24	23.529	21.829	0.079	0.962	20000.0
461	83.836	22.296	21.114	20.161	0.066	0.967	20000.0
462	102.874	26.932	28.809	25.606	0.084	0.953	20000.0
463	91.899	25.47	23.017	23.179	0.087	0.951	20000.0
464	92.956	25.403	25.403	23.328	0.082	0.957	20000.0
465	95.375	26.091	23.258	22.043	0.085	0.962	30000.0
466	106.7	30.639	27.725	26.855	0.102	0.938	20000.0
467	96.574	25.319	24.838	22.908	0.078	0.959	20000.0
468	82.814	22.861	20.956	20.266	0.074	0.966	20000.0
469	100.036	27.04	28.958	26.261	0.083	0.948	20000.0
470	104.626	29.47	27.691	27.166	0.091	0.937	20000.0
471	86.427	23.226	21.667	19.969	0.072	0.969	20000.0
472	99.031	25.097	24.419	21.106	0.077	0.968	30000.0
473	87.755	25.698	21.909	22.849	0.084	0.952	20000.0
474	99.032	25.771	24.734	22.247	0.083	0.96	20000.0
475	103.743	26.512	27.459	24.565	0.077	0.955	20000.0
476	106.07	27.934	27.974	25.311	0.091	0.951	20000.0
477	97.511	27.005	23.682	23.064	0.089	0.955	30000.0
478	99.4	27.593	25.455	24.566	0.093	0.95	20000.0
479	86.124	23.247	21.312	19.567	0.075	0.97	20000.0
480	90.54	25.569	22.717	22.001	0.082	0.959	20000.0
481	95.486	25.81	23.668	23.161	0.074	0.953	30000.0
482	91.137	25.142	24.205	22.503	0.085	0.959	30000.0
483	93.321	25.373	23.951	22.783	0.081	0.958	20000.0
484	100.753	26.814	25.448	24.009	0.079	0.954	20000.0
485	101.429	26.92	25.986	23.298	0.083	0.96	20000.0
486	94.444	25.317	24.632	23.02	0.083	0.957	20000.0
487	95.684	26.623	24.455	23.767	0.09	0.952	20000.0
488	92.462	25.606	24.464	22.866	0.088	0.957	20000.0
489	97.592	26.261	25.089	22.92	0.086	0.957	20000.0
490	92.183	24.241	25.575	22.522	0.081	0.961	20000.0
491	81.507	21.467	21.98	19.997	0.066	0.97	20000.0
492	93.174	24.809	22.046	20.774	0.078	0.965	20000.0
493	100.589	26.633	25.635	23.965	0.092	0.953	20000.0
494	106.998	27.475	28.604	25.337	0.084	0.951	30000.0
495	96.017	26.513	25.743	23.874	0.081	0.953	30000.0
496	90.399	25.039	22.269	21.419	0.076	0.961	20000.0
497	89.621	24.355	22.49	20.612	0.079	0.967	20000.0
498	97.369	26.387	25.611	24.35	0.085	0.954	20000.0
499	97.558	25.977	25.899	23.078	0.076	0.96	20000.0
500	90.834	24.897	23.862	22.686	0.082	0.959	20000.0
